time,x,y,z,phi,theta,psi,x_velocity,y_velocity,z_velocity,phi_velocity,theta_velocity,psi_velocity,rotor_speed1,rotor_speed2,rotor_speed3,rotor_speed4
0.06,1.1297334589037768e-07,8.577561200971099e-08,10.008818850520914,7.79621114501694e-05,6.283008550869527,0.0,1.4314004352509754e-05,8.110772039709398e-06,0.29393212324246965,0.0037793027919491044,-0.009607467531132115,0.0,494.98760081645634,494.2802564101756,494.47484107203957,494.753097332908
0.12000000000000001,8.117812240018534e-06,3.5938772423005182e-06,10.034929760113501,5.852509337511691e-05,6.282640923457546,0.0,0.0003123868075188723,0.00012427591092329074,0.5763319168889384,-0.010147475160801809,5.5697123097140505e-05,0.0,490.3297456153427,491.047084061573,492.83812714629914,491.80787556480004
0.18,4.1149021338629054e-05,9.517197639861132e-06,10.078038392566521,6.282444236870051,6.282588756804584,0.0,0.0007916286300304917,-1.6675932100083463e-05,0.8604523421025005,-0.020594099703394816,-0.0027872536261301043,0.0,492.5363179626194,492.3260661142453,492.45007925794073,491.67697137618393
0.23999999999999996,0.00010200259833287763,-1.2918846033123527e-05,10.134247987182103,6.280754503122704,6.2828860494853025,0.0,0.0012259832355007174,-0.0008832024329659153,1.0130775106451018,-0.05099828819356451,0.017133043617386774,0.0,453.742013371893,455.33816766401196,454.79210350383886,452.3502578749
0.3,0.00017807483626603682,-0.00013426793871602481,10.20042332123299,6.2782184568287125,0.0007267546971121419,0.0,0.0011928969510185212,-0.003474950713986294,1.19259577917414,-0.028885036193153763,0.017034455248707777,0.0,461.82967356120827,461.82180741412554,462.26765774318426,464.0056852295796
0.36000000000000004,0.00022926189888495654,-0.00045868945586045857,10.276622187295745,6.277660508438821,0.0016948861227383816,0.0,0.0004038820252479713,-0.007447198644836002,1.347196190077901,0.014317682101010419,0.014274263363427303,0.0,455.66247632752743,455.4416922767061,453.3425045725111,456.80031186912584
0.4200000000000001,0.00021160815975838738,-0.0010250698378612326,10.362065438177105,6.278185097589697,0.0030220621538834536,0.0,-0.0011157116778252173,-0.011351391548766711,1.500723340017393,-0.005768316003696362,0.03442519214466132,0.0,454.85288421466413,456.4636675006276,455.8547491589178,454.2469418181889
0.48000000000000015,7.668349379002506e-05,-0.0018059688358296635,10.45420338919865,6.278065573414782,0.005683431486667168,0.0,-0.0036168950884152935,-0.014699924579105341,1.570447265197987,0.004655440423310977,0.05912804431110283,0.0,427.99452161225895,430.0927930288951,429.3886649884624,430.2720102611291
0.5400000000000001,-0.0002613488984095478,-0.0027845441099826115,10.549834870645153,6.277935946646863,0.009402767966117054,0.0,-0.007992929689586443,-0.01790651111865558,1.6172013091393684,-0.021489080409495046,0.06716939776261555,0.0,422.3524542399947,423.0483383567036,422.72542455627337,420.46669515448207
0.6000000000000002,-0.000962822975232256,-0.003978666060222421,10.651078341928475,6.276911704971205,0.013108464564193234,0.0,-0.015808318861184025,-0.022019966744041854,1.757370794022176,-0.009443547224103652,0.047837430755165895,0.0,453.2962315332546,451.7427595927864,451.04008645208046,452.0118463018313
0.6600000000000003,-0.0021875624237470436,-0.0054288339626333715,10.759087071765721,6.276393300498638,0.01631093990630017,0.0,-0.025319447356074356,-0.026372207770380407,1.8427814048675426,-0.007079672849789548,0.06262331236928514,0.0,434.19044582360453,435.4309702637026,435.71342457465295,435.91111022696754
0.7200000000000003,-0.00411522347564935,-0.007175622208061233,10.875978763921372,6.2762407960186355,0.020499508967199986,0.0,-0.039403440020054144,-0.03188426008263761,2.0532457483303608,0.00526480490693322,0.0812760346503486,0.0,473.7984287797911,475.2335091524225,472.7866431288241,473.7367755556675
0.7800000000000004,-0.0068681429140992865,-0.009213829372553797,10.999676896930453,6.276295721534865,0.025058681550282458,0.0,-0.05278561203955463,-0.03603745050916144,2.0699852983700238,-0.009633703001592272,0.062465076730488886,0.0,414.00401016654484,412.3505695372888,415.34380545589113,414.03515656272845
0.8400000000000004,-0.010582494695224666,-0.011524307986205098,11.127427184190045,6.2759011219325025,0.02946443423064693,0.0,-0.07145348815137884,-0.04102718115367956,2.18812621437343,-0.0010730888497115319,0.0893323250795886,0.0,445.1694899536055,447.36638596981976,447.04268273859003,447.73975854424157
0.9000000000000005,-0.01548803013150826,-0.014134144862920844,11.261353522405491,6.275642303838673,0.03474086307548774,0.0,-0.09259207192241226,-0.045981280829742975,2.275896220157322,-0.01174398581510398,0.08500256692326143,0.0,437.8898300706812,437.5360635003346,438.27775626133274,437.3900730761931
0.9600000000000005,-0.021795585724543716,-0.017054425461837965,11.401315969812131,6.275206943066056,0.03955147632314304,0.0,-0.118169198411751,-0.05141748799107843,2.3892672794625893,0.0004757776797042817,0.06817180967841495,0.0,447.0099841759811,445.6414431217097,445.68292737325834,446.68062856243876
1.0200000000000005,-0.029654941076933967,-0.020291494420324126,11.546072834051142,6.275214787190457,0.043087276224316184,0.0,-0.1441789782360592,-0.056482229489825314,2.4358455507647783,-0.0005684980481972222,0.02473377739373095,0.0,427.6506377032547,423.93679112133987,425.12517891965535,425.0356900740538
1.0800000000000005,-0.03920941103789797,-0.023846705093134246,11.695391422673469,6.274939248833757,0.04458454826372282,0.0,-0.1744469292739386,-0.06203728013839265,2.541202605901459,-0.014185551310308023,0.02539237573031804,0.0,444.5667386308769,444.6207970344617,445.0097111582579,443.8937770470942
1.1400000000000006,-0.05065983159714612,-0.02775303323718972,11.852099220372367,6.273731976960992,0.04648056976359527,0.0,-0.20740692919206274,-0.06827781357213347,2.682057729766768,-0.03593198700747608,0.04177717080906945,0.0,455.0648771348705,456.37484144384666,457.19861832814814,455.46271270519105
1.2000000000000006,-0.06421784442956538,-0.03208323889894487,12.019058293229717,6.271548252292597,0.04912333892307785,0.0,-0.24480587040315227,-0.07631094531404475,2.882738686970147,-0.037338533114358946,0.048235288489532346,0.0,474.22442163804294,474.72118012468445,474.90190460770543,474.7934982970753
1.2600000000000007,-0.07996685748985793,-0.03691903587308413,12.195697046830027,6.269350187308643,0.05180002677904483,0.0,-0.2804407634021704,-0.08511179711823814,3.0048830710662537,-0.035262423834937266,0.03614889310565133,0.0,452.5413307376621,451.56848698788286,451.97113481229167,452.1378380986753
1.3200000000000007,-0.09814196641043302,-0.04239159371445474,12.384081358216804,6.2676320344886705,0.055214854817439374,0.0,-0.32573471236672136,-0.09753620816950702,3.2738320315943548,-0.017897505918827526,0.08138233915422417,0.0,494.35400624041796,497.677404430449,495.3310186490211,496.6062044014901
1.3800000000000008,-0.11879863016795494,-0.04855543340964729,12.582641001499937,6.266720152358058,0.059981728278885704,0.0,-0.3632812858773145,-0.10801792626383656,3.3445808675708633,-0.010282551341274888,0.07527018234299349,0.0,438.3737341910665,437.8706828299433,438.13314505911865,438.7659148485353
1.4400000000000008,-0.14188264812514187,-0.0553868316118121,12.78677590073635,6.266032097505761,0.06421394345185405,0.0,-0.40662406384170036,-0.11975706511257651,3.4595344437248228,-0.013949685563048816,0.05882153427165427,0.0,453.09991799026653,451.77919822955795,453.0588453095031,452.76402148790896
1.5000000000000009,-0.16733014865878118,-0.06285108174630101,12.992830702246387,6.265885370827531,0.06768884861489965,0.0,-0.4419166015388496,-0.12908765294566174,3.4090826210234293,0.014036704812605877,0.05603844007701211,0.0,398.90233743883726,398.65083648787976,398.3248948131582,400.8762712353793
1.560000000000001,-0.1952522781932374,-0.07094873768221846,13.200252998622119,6.26654377612013,0.07112608592687941,0.0,-0.48914753528838306,-0.14075214493946497,3.5046700132035924,0.004008891749824611,0.059673840526122506,0.0,447.01041732943065,447.30881060687557,447.65723496596775,446.84035807158324
1.620000000000001,-0.22645323359851213,-0.07982111910271979,13.418592166208327,6.266501029524289,0.0742808308085019,0.0,-0.5512601372573682,-0.15496400410018804,3.7724076647323503,-0.012399590116241895,0.032025930439419245,0.0,499.4631161470537,497.4439340549339,499.77201027201943,498.5746093709687
1.680000000000001,-0.2611120906469618,-0.08947485476652536,13.648406821188034,6.265521762187728,0.07578438029521362,0.0,-0.6041940505710656,-0.16690870401715382,3.8876633546343116,-0.025620250963695624,0.0050743750442721405,0.0,457.685484229575,455.535345391337,455.6338511358717,454.5756793725197
1.740000000000001,-0.2985991571997304,-0.0997805603656139,13.88020749855698,6.263965606469165,0.07640052856724111,0.0,-0.6454300983839093,-0.17674146654614836,3.8391729171654325,-0.026574785230018435,0.019034603776745925,0.0,402.75374296373224,404.0144159684635,403.36634964456323,403.27992545903334
1.8000000000000012,-0.338610518925812,-0.11071088519981835,14.10957020698186,6.262306842239568,0.07800568527480856,0.0,-0.6884109816798272,-0.18773848748270763,3.8063350245689387,-0.029879289580691307,0.038898608844343305,0.0,407.22106930814437,408.9944623390543,408.89777106596694,408.60299004058277
1.8600000000000012,-0.38135823634096383,-0.12236304461249249,14.338566287126113,6.260818281873149,0.07993322795022895,0.0,-0.736709569153316,-0.2008115460958957,3.8267624985390647,-0.01622445787318138,0.012988606474155706,0.0,427.904251699057,425.6930898681267,424.8994799914309,426.06843676092996
1.9200000000000013,-0.4271863202569529,-0.13486672094326901,14.570668445551828,6.259930459935683,0.08035964718205246,0.0,-0.7909409597900505,-0.21606365256768884,3.9096692513579105,-0.012085075502545771,-0.00850753501632245,0.0,447.55631395003894,445.8031211779511,446.0108250096007,446.3488982128028
1.9800000000000013,-0.4759513117909408,-0.1482088113502378,14.803732208105105,6.258829239466413,0.08017019506586287,0.0,-0.8345546429120868,-0.22874622032532702,3.859282645480874,-0.03543167281834141,0.005829944958410358,0.0,402.55693117118346,403.85240320475214,404.05118918353236,401.9406248583856
2.0400000000000014,-0.52762573126465,-0.1624232748860707,15.037390305792016,6.256223128906008,0.0808901251659302,0.0,-0.8879693273189155,-0.24528476509307245,3.929052343442831,-0.06860645864605425,0.022124053570051018,0.0,442.2774182409422,443.61739411232276,443.62181801455597,440.88776302229275
2.1000000000000014,-0.5824730637834797,-0.17767160682817035,15.274601168885267,6.251858729855087,0.08206666767569093,0.0,-0.9403882604618292,-0.26338603177439046,3.977763383041224,-0.08264385050972956,0.014034053266904819,0.0,437.669224161735,436.9953005245697,436.20713129712425,435.0289090924219
2.1600000000000015,-0.640603642008802,-0.19413686553896192,15.516124141323202,6.2463676574814855,0.08310775601806597,0.0,-0.9973752199778665,-0.2859592814122079,4.072616036293901,-0.12245043045733178,0.0232744158034928,0.0,450.3470617796274,451.09383823423656,453.9048472996552,450.6909065221974
2.2200000000000015,-0.7019848560112648,-0.21198938497551365,15.761002163721527,6.239191120880999,0.08508427852149847,0.0,-1.0488249205740858,-0.3097715591848781,4.089856075364358,-0.11446285326398184,0.047417043525136926,0.0,426.87386249403755,428.9297245553071,426.9213561601022,427.5888591869655
2.2800000000000016,-0.7668500666323691,-0.23158609980739248,16.011028314425953,6.232328967364646,0.08828348178007595,0.0,-1.1136424860605973,-0.34417795451422356,4.243681920690677,-0.11418279559806271,0.06307824631589186,0.0,469.3302370183683,470.5459490839762,471.2339094480162,471.2447120913526
2.3400000000000016,-0.8355951756151306,-0.2533495628172712,16.269306468150077,6.225242938614652,0.09181155716022449,0.0,-1.1782137303977922,-0.3819734761219588,4.3650107282250925,-0.1273784275831195,0.048474035611367094,0.0,462.8175210390542,461.6687697607509,462.6324679046861,461.58013022254687
2.4000000000000017,-0.9080048535552361,-0.27735188433764973,16.531782457211204,6.217921724791818,0.0951815168701371,0.0,-1.235730101784206,-0.4187671909032695,4.38400358712448,-0.11302924700306244,0.06827674699211268,0.0,430.84910582768936,432.52246869553267,430.0496039527929,431.24932810502344
2.4600000000000017,-0.9837439688233575,-0.3035608639231322,16.793420009983734,6.211791112730381,0.09950735235541952,0.0,-1.2892722406089423,-0.4553863467594208,4.337313077229357,-0.08639746688066621,0.07880985481458992,0.0,410.1650611043148,411.1040032241433,407.368829475472,409.73309719536326
2.520000000000002,-1.0631241007064358,-0.3323160321435251,17.05574566984322,6.2066211555125115,0.10412248397412682,0.0,-1.3571689213516989,-0.5035974162124597,4.406463146418472,-0.08570720822385655,0.07284247573423537,0.0,448.2139887878712,447.7333265168418,447.125285722241,447.1754497685136
2.580000000000002,-1.1463094148309363,-0.3637995190749525,17.31878085105578,6.201482094452139,0.10830189360022047,0.0,-1.416049111975412,-0.5462740338523961,4.361424385192803,-0.08553894817276257,0.062376402641999076,0.0,411.86859294101095,410.94586531502824,410.4676684547414,410.47589990629314
2.640000000000002,-1.2332840456850944,-0.3980672293422939,17.580791050135584,6.195988869090371,0.1128135532683352,0.0,-1.48348541602794,-0.5964404310212099,4.372059361996847,-0.1076447133398607,0.0930025083121826,0.0,428.8209610838333,431.41933501126425,429.9125323637367,428.02748541894397
2.700000000000002,-1.3246743167700448,-0.43566187949840185,17.845852689689366,6.190400334409075,0.11865764752499697,0.0,-1.563400504781599,-0.657267648531652,4.462763661253591,-0.07373616275241965,0.10499503378194011,0.0,454.67902834425354,455.64670673203506,454.6355794906171,457.3369190993212
2.760000000000002,-1.4208945843706995,-0.4769413269328028,18.11557083980313,6.185542948135582,0.12610291178244193,0.0,-1.6445964990588529,-0.7191181410005348,4.527356794041065,-0.1020790985580911,0.1473185125072858,0.0,447.5406754834886,450.98545301652865,449.08854433911335,446.7777287364476
2.820000000000002,-1.5222757465487293,-0.5221330522328176,18.3901548646503,6.179024077154523,0.13441201763039334,0.0,-1.7356111547418882,-0.7878493300950921,4.624741195484379,-0.12690788780749726,0.10789621275205745,0.0,461.432874568485,458.3259499100046,460.95854024420066,458.9816615118603
2.880000000000002,-1.6290414434296723,-0.5713990477966188,18.668779237501067,6.170829029798899,0.1409540966722016,0.0,-1.8238356249191636,-0.855029313267746,4.662295970361198,-0.17589901180425524,0.11121764757354981,0.0,441.89477856139035,442.1790690825306,445.11351939187364,441.0659722833774
2.940000000000002,-1.740964279932566,-0.6246481654101106,18.947781167794382,6.160098465805733,0.1475603107820005,0.0,-1.9075036946638182,-0.9208188206742877,4.637552362463622,-0.18548654991007968,0.10777891289742075,0.0,422.9174160087144,422.6324717814961,423.86863716482225,423.0110126835428
3.000000000000002,-1.8586570791370818,-0.6825533118282577,19.229449776712823,6.148586204392739,0.1536027860443152,0.0,-2.0161807866228,-1.0104317628752337,4.750503451381738,-0.2093659150356488,0.08027759671679227,0.0,468.0457057710514,465.9080808915204,469.4188037362465,467.5273645844252
3.0600000000000023,-1.98265503790081,-0.7457803139598282,19.515659566500155,6.135944354363822,0.1585153562030639,0.0,-2.117521532667203,-1.0982511913019295,4.789245792112254,-0.2134980374883173,0.08489378143212058,0.0,445.45405921182663,445.83684319847663,447.33674799618893,446.9566137856204
3.1200000000000023,-2.1128260807472654,-0.8145053874041273,19.80409022895427,6.123210061136156,0.1636878218068265,0.0,-2.221972846646214,-1.1937036189072605,4.824501593526884,-0.20983481006694393,0.08871247975111478,0.0,446.1800180470033,446.49780670261646,446.6527964940033,446.90733934420706
3.1800000000000024,-2.2495303764431154,-0.8893487147966399,20.095530287726,6.110508987260401,0.16928347506744235,0.0,-2.3353260904059274,-1.3022033597086713,4.889360246626041,-0.21565986794745076,0.10107754202808936,0.0,456.3634570970219,457.3565363127939,458.0398445175729,457.5334877555984
3.2400000000000024,-2.392605535281335,-0.9703901170650034,20.387640877168483,6.098575083629029,0.17534894937964296,0.0,-2.4343780820507295,-1.400158224228397,4.847350471437371,-0.17753300560815086,0.10111859533361342,0.0,424.1200458869887,424.13294485798747,422.49718024885414,425.7297737159813
3.3000000000000025,-2.5420228201402684,-1.0577982609936631,20.6787735480136,6.087541393922184,0.18122353759264076,0.0,-2.5467270976378105,-1.514337494666215,4.856488156087511,-0.2013016381939944,0.09057049945867399,0.0,442.19265519501727,441.33096473206746,443.0915735592061,441.0991993180924
3.3600000000000025,-2.698891674021889,-1.1528934727532736,20.97356562813397,6.0757109026001554,0.18676200066933646,0.0,-2.682710572848373,-1.65656596544675,4.968726164823934,-0.1899985064067348,0.09557133765307789,0.0,476.0981994099036,476.487264525879,475.0614875801272,475.89219366652594
3.4200000000000026,-2.8625986619341264,-1.2551778610869544,21.267548910631582,6.0647394435388104,0.19219210671071885,0.0,-2.774696967163823,-1.7537357782393053,4.830838560657417,-0.1714593221046467,0.07771363016077365,0.0,395.17848175371535,393.53644773649717,394.23736962556967,395.909716258544
3.4800000000000026,-3.0334148635380918,-1.3651221536636393,21.560729001163192,6.0543298884378025,0.1970267740767886,0.0,-2.9195686478102503,-1.911946346470481,4.940616144236992,-0.1778983991269297,0.08576287196656744,0.0,478.38873549521173,479.00604223779743,476.7617744231412,476.2426992698925
3.5400000000000027,-3.2132235609731175,-1.4849853521489713,21.861304827661105,6.043599311880964,0.20212194527654503,0.0,-3.0744651596747596,-2.0843876185445187,5.077120619645902,-0.18079926304577312,0.08317828099711758,0.0,488.1321832591807,487.9444496619108,488.6458035773677,488.4017456305292
3.6000000000000028,-3.4010779490261367,-1.613830342446431,22.163504020020593,6.032982925193878,0.20721906995202932,0.0,-3.187812326416656,-2.211262028446223,4.99590911938231,-0.17017245001944217,0.08828046819022475,0.0,420.6012352334908,421.04933584301716,420.34872740087917,421.23662578236645
3.660000000000003,-3.5955594173032592,-1.750131455731621,22.45953712722416,6.0224854765410125,0.21268570424049837,0.0,-3.295406221106288,-2.3328846182048806,4.871788642784039,-0.18682085955735456,0.096239109184987,0.0,405.57382913781504,406.295971206979,407.10332517487916,405.5775730304103
3.720000000000003,-3.7974738820636444,-1.8949363850806358,22.751988167029957,6.010913336078939,0.21860850972693413,0.0,-3.435573827899342,-2.4948129606470557,4.875680937473754,-0.2090639819551167,0.10324891132628529,0.0,450.6892960378024,451.26380324651024,451.6052352570511,449.7708077997343
3.780000000000003,-4.006801752842174,-2.048304517058879,23.03974759225767,5.998029391962795,0.22464138162133107,0.0,-3.542580466271851,-2.6183651036157984,4.716268725264075,-0.22953700841796926,0.09451476954551075,0.0,395.3475436562356,394.55185399315275,396.772731708868,394.83571654562274
3.840000000000003,-4.224317377051785,-2.2113186813938026,23.32484085129857,5.9847464364324665,0.23156587293368602,0.0,-3.708458997225662,-2.816475109681265,4.785339907924129,-0.20871348161562928,0.13995873389463998,0.0,473.2850031091875,476.7803171470509,473.11744667015,474.67261096895356
3.900000000000003,-4.450986455742468,-2.3852698097076286,23.610069991034653,5.971963296186182,0.23966786677592555,0.0,-3.84785748046111,-2.9827869586366926,4.7215027952074795,-0.22354529766352463,0.12271786795524213,0.0,433.9795497196277,432.54682843132235,434.73441665156633,433.4432628587684
3.960000000000003,-4.6863676979471025,-2.5696555231966935,23.89214226262307,5.958710682298479,0.2470323751729815,0.0,-3.998784647393231,-3.164340358010644,4.679902849285934,-0.21602128391834344,0.1227895933985648,0.0,443.2685745533819,443.2881542588749,443.0165546619075,443.58642330505603
4.020000000000002,-4.9304605223459514,-2.7645314016767557,24.169776535416016,5.945318209106288,0.2541079117683651,0.0,-4.13824852623693,-3.332425870617815,4.5739155977806165,-0.2441286269160885,0.10580427791160829,0.0,423.4737775787084,422.02294532536445,424.3980243088621,421.92459566238534
4.080000000000001,-5.183570293869129,-2.970362867579968,24.442831832265128,5.93033962915219,0.2610502202108407,0.0,-4.299274220045662,-3.529634027504179,4.5267688201494085,-0.2639015560373044,0.13043577435092318,0.0,444.96173414322743,446.98564955257575,445.8670749260667,444.18524421917556
4.14,-5.447750428496181,-3.1899131113862804,24.717332254363882,5.914548089912472,0.2689317295530973,0.0,-4.5072721931401105,-3.7897615859381877,4.620931719602319,-0.26181331990705453,0.13314100236933582,0.0,495.16896657458994,495.3818646527024,494.49043138799607,494.5821860978761
4.199999999999998,-5.723686772387073,-3.424188689663748,24.99421274810625,5.898809586670643,0.2769243185872048,0.0,-4.6911756469158545,-4.020411549532132,4.6067175021618905,-0.2633150678205372,0.13334694406282913,0.0,465.59982634233944,465.6313898725187,463.82288734362277,463.63873963932764
4.259999999999997,-6.009909209489494,-3.671361207264549,25.267099793996376,5.8832072543443275,0.28472587908251956,0.0,-4.850173644264989,-4.219642220751355,4.488457401525683,-0.2541934240746221,0.12239179222442037,0.0,432.01557401227245,431.106589162191,432.2735656345938,432.97161178780027
4.319999999999996,-6.3057678940880635,-3.930650579901788,25.53260531403141,5.867741791914472,0.2926831976900832,0.0,-5.012363760794525,-4.424264239586271,4.360651162958188,-0.2660378976179636,0.14771872657113908,0.0,430.5322577522604,432.68670079520825,431.3916017636479,430.32059916182976
4.379999999999995,-6.612053572624952,-4.20317221896289,25.79194204822147,5.851376840779858,0.30153489650895615,0.0,-5.197757927722286,-4.660682801805067,4.2822655574575705,-0.29155969961386796,0.14714521444893083,0.0,452.43011297797733,452.40390715661005,452.76991085624144,450.6362681995169
4.439999999999993,-6.928445517161058,-4.4885324367187,26.04294018028801,5.834092519112071,0.3102338871569099,0.0,-5.349286789022943,-4.852315546679605,4.0834529976439,-0.2818916398418189,0.14027081142585016,0.0,411.44273920707934,410.85496604217286,410.39790248481586,411.1636387793479
4.499999999999992,-7.2544864498684545,-4.786169016652818,26.283023142709485,5.816969343245862,0.3183591520233042,0.0,-5.51932114459088,-5.069828789138999,3.918068528445758,-0.2934745432733061,0.12334749739293874,0.0,428.09674709096265,426.67143810643194,426.1629922706623,425.08457289393436
4.559999999999991,-7.591811382300692,-5.098371165766688,26.515541430374583,5.799350236499871,0.32543878369346757,0.0,-5.7252425898124315,-5.337776133889647,3.8305449542912364,-0.2940077210718076,0.10426374629238941,0.0,459.5566988148919,458.0529504079801,459.25508694939174,459.1281545794244
4.6199999999999894,-7.941861278915941,-5.427232374249021,26.743175521806872,5.781690860210626,0.33184209269135145,0.0,-5.943362817835306,-5.625070722764632,3.7550360388543162,-0.29495931190624475,0.11122962703389891,0.0,468.4034250890065,468.95429517632203,467.9343382689434,467.77690121954004
4.679999999999988,-8.304742894122093,-5.773054615697913,26.96503648780798,5.763718137627745,0.3383101061689482,0.0,-6.152996481538556,-5.903118309454711,3.6382599875621744,-0.31077461663924977,0.09987322589374825,0.0,459.63392594444866,458.74250984954756,458.8701773119,457.52362932830863
4.739999999999987,-8.679728752383213,-6.134968336816587,27.178164990962934,5.744773755262283,0.34424426944682995,0.0,-6.346845268254558,-6.161520827367805,3.4642553620508356,-0.3281557403296625,0.0968890735515721,0.0,443.3263247594235,443.08941116527046,441.9690695926856,440.43026114971724
4.799999999999986,-9.067271749224647,-6.513799172977781,27.382549104225124,5.724617885925147,0.34978020436673063,0.0,-6.571386183788318,-6.466916434089184,3.346048992232236,-0.3597261793540304,0.08089436155513433,0.0,468.1649666799421,466.92502911028475,470.52898987910896,467.9662152464321
4.859999999999984,-9.466934187806837,-6.909106643416938,27.576152787917835,5.7027708294100385,0.35458482877623076,0.0,-6.750966251338542,-6.710935882067039,3.1057792918411398,-0.3747496183197988,0.07839132979374187,0.0,427.013318694884,426.8051023326484,427.363618641226,425.9370415127223
4.919999999999983,-9.87889382772404,-7.321425984972724,27.75830116704297,5.6801324952702466,0.3606641890984381,0.0,-6.981037633629433,-7.033730298414193,2.9629707128630756,-0.38296150133619944,0.12725985296900416,0.0,468.2219933153862,472.01702202876163,471.5878021338556,470.8142389335034
4.979999999999982,-10.30406669323476,-7.752334026411722,27.929982360239965,5.656857152544006,0.3682852726967134,0.0,-7.191560289501308,-7.330496312435116,2.757129972886354,-0.4003144325810013,0.12653054779968267,0.0,453.01818213483295,452.9738905472527,454.81938744460234,453.2735954167919
5.0399999999999805,-10.743556477678903,-8.203688184265465,28.09222559637154,5.632666164067452,0.3766878465405723,0.0,-7.457965819675914,-7.714890236041275,2.6469901735831973,-0.40962052094629087,0.15851733470633678,0.0,497.4761242249218,499.82878778811335,498.6391694195932,497.8088160324446
