time,x,y,z,phi,theta,psi,x_velocity,y_velocity,z_velocity,phi_velocity,theta_velocity,psi_velocity,rotor_speed1,rotor_speed2,rotor_speed3,rotor_speed4,episode,total_reward
0.8400000000000004,0.21066254352185448,1.5754645297756638,0.0,5.297524990920346,5.461336974485082,0.0,1.7104678290508992,1.9418146341681346,-7.5109423580015635,9.05980963620958,-4.350331812555268,0.0,423.2498429217902,332.0322230734733,482.5841595676418,589.0496733824924,1,115.45750302419624
0.8400000000000004,0.20209583084128158,1.5862569040768313,0.0,5.272457271429211,5.480302946679515,0.0,1.660623846688123,1.9637876489066144,-7.555536665932791,9.007658731384842,-4.253690724294306,0.0,421.9674968097731,332.8901476012265,483.6140873552638,589.0415642587816,2,115.457367436223
0.8400000000000004,0.18374360372784992,1.5710972605082794,0.0,5.339963175797237,5.508793551716014,0.0,1.5775595122263295,1.8467082823143106,-7.5453095011777975,9.102415530174746,-4.300599147200022,0.0,423.6860285003348,332.0078750533072,483.12505153307404,590.0202758541467,3,115.45708465538218
0.8400000000000004,0.19766990176601465,1.5705630134811188,0.0,5.316256854235565,5.487358881165054,0.0,1.643277945307847,1.8857046399483768,-7.525874502330497,9.062796095068194,-4.295621887382973,0.0,423.4125703079842,332.5439676476749,482.9381322224007,588.8853627471085,4,115.45734479643171
0.8400000000000004,0.19486407867428165,1.5867735242739502,0.0,4.9268298965550095,5.810528070084128,0.0,1.5488046403098843,1.8351882780387707,-7.923290899598381,7.53371416242714,-6.037311009565422,0.0,502.84226330737437,345.67345263304975,516.1047209544103,574.6972066494146,5,115.45734808038706
0.7800000000000004,-1.3622516988631495,1.3894818409501999,0.0,0.4487597017738594,6.241289720362645,0.0,-5.554980283869719,1.0512363580477533,-5.504861104744302,12.612652095033738,-16.335425000220326,0.0,792.1050776430402,533.1994626633067,522.3871993390461,709.6274934557844,6,108.62247353468736
0.6000000000000002,-0.35608718828798197,0.8433062323116948,0.0,4.665304507920144,2.8150987517213686,0.0,-0.23828280813600788,2.1678550553554645,-5.530452284463124,15.311245956893387,-13.50698668725366,0.0,703.2566196493412,494.86906128056245,542.9302129383806,757.473206549474,7,98.17831078541519
0.6600000000000003,-1.9994009946685711,0.7157259965540829,0.0,3.607777981773298,6.184083866950622,0.0,-8.071778679045217,1.523197122369296,-6.869379806539258,15.817307009776531,-11.419029500160208,0.0,618.3229335048286,518.8296885870076,507.1281214157139,723.4125598416462,8,104.98068785373731
0.6600000000000003,-2.270201436197419,0.6350406656627698,0.0,6.019703502689273,0.4552598740700011,0.0,-7.304450567863569,-0.38679744428703267,-6.84787903409612,16.901247347160112,-12.995477970303364,0.0,591.0862993826756,137.17194424161576,608.9759077660389,775.1897507451648,9,104.97397473555324
0.6600000000000003,-2.078848601504296,0.9858585259012163,0.0,2.657140933642051,6.188706934445403,0.0,-7.272883340924539,2.8323674003577017,-5.258097657341631,17.655746225014585,-11.520177387521356,0.0,458.69875703994154,365.82870193073364,519.1596456750239,708.2646196348718,10,104.96949410871295
0.6600000000000003,0.2880561407420417,0.8553479563085035,0.0,1.012636724861089,1.9439746953751893,0.0,0.8757969706191562,2.585276555523552,-5.593361411679396,16.719903493663338,-10.794016132791683,0.0,335.10056985796376,79.46418972606156,702.1899486078842,882.2216213761697,11,84.99533167067986
0.5400000000000001,0.5401657724893464,0.6526795658920098,0.0,2.2132276132655164,2.328384943296225,0.0,2.5444326969784097,0.49671479006572483,-7.442655916753789,14.412928813040129,-9.271930133481193,0.0,203.6329056962552,102.0210977414239,753.0942554602241,859.1918491231523,12,71.3643309682983
0.6000000000000002,1.0927595943827517,0.9610529339540098,0.0,3.069989754120039,2.9684821125191085,0.0,5.61961795446216,0.9488034313740568,-6.626571924052252,14.744134845682295,-10.378307118795671,0.0,196.13287062589092,53.460555764216146,784.3276877059279,878.0444397952441,13,98.17129557381608
0.9000000000000005,2.819433302634985,2.4745792940083686,0.0,3.7565807354278906,0.45700447346489526,0.0,2.6880386470477586,4.472099599518895,-7.070485256220802,18.70127486001702,-18.06408926651517,0.0,626.0668097346384,113.34341730644292,561.3250820422911,846.5975229687133,14,112.20388668506017
0.9000000000000005,0.48536412695245956,-0.38305960378869414,0.0,1.5646672296086184,2.8030517400619246,0.0,1.9448956354599645,-0.9028463136642821,-6.252883954335087,23.372780466377705,-22.686666569476436,0.0,801.9503946921054,28.4052936225484,344.6781109354292,887.19998232256,15,132.28085543834
0.7800000000000004,-1.4214129138153084,-0.154640157348412,0.0,4.990409244073291,2.3000293173224176,0.0,-3.53835694606354,-0.8633210789589827,-6.5553632796540295,20.074982261084944,-19.346150988618938,0.0,507.90434033174415,168.74376725809825,627.2511027448174,798.7934089557187,16,118.62580705119476
0.8400000000000004,1.161534037760331,-1.0611067119384512,0.0,1.453719215087622,5.82118256146736,0.0,5.391645216277552,-1.627542409105097,-5.593540651913021,19.526640509256016,-20.192374786974266,0.0,526.2922540358796,12.318964971276628,763.0157160875286,889.0811765287355,17,115.44063510445744
0.8400000000000004,2.866725536735963,-1.0309002988379445,0.0,5.720199866332171,3.1130302122689493,0.0,7.96453162569612,-0.4305525366629408,-5.309412868530359,19.775149791324882,-23.088354982989973,0.0,705.6293307714101,37.88314320542406,706.1604531242459,885.7518282249357,18,125.40895446785979
0.6000000000000002,1.0582286942450774,-1.6339807546445608,0.0,0.9935949321617894,6.281495519693273,0.0,4.638930960619297,-6.257204039732255,-3.3850804271827766,9.869180895347414,-17.89838046007566,0.0,185.8448337064903,248.61337244694818,827.8139845928005,889.3287912313112,19,88.1664299066776
0.5400000000000001,1.5598844720226173,-0.46341928326060766,0.0,5.11237452778785,5.264019187694345,0.0,7.947333941394722,-4.288682134088938,-7.332671199727222,7.361458963922615,-23.285768926495944,0.0,799.6765155092853,29.255368000530975,868.1464062323843,895.3721845274872,20,71.36347754885847
0.6000000000000002,1.9199246096617288,-0.6612100163138535,0.0,4.4813163738327795,5.385213342821807,0.0,7.592182700902166,-3.9405945864433334,-10.290604884343082,6.101892774520748,-23.806782807651594,0.0,806.1911598980932,26.077833578352514,882.253156823678,896.7172831872537,21,98.17024802271649
0.6000000000000002,2.1453327094134584,0.05191003103972249,0.0,3.646575145063654,5.611061651859831,0.0,8.215852944385295,0.5123871087982004,-10.564793527561887,5.163391505991645,-20.72301085517685,0.0,728.4433752769451,80.7466580411461,887.1217037052429,895.1657269821228,22,98.17397602209921
0.7200000000000003,-1.9430266552414788,1.4495766832650643,0.0,2.7139036242773376,4.733477216450662,0.0,-4.500577208832103,2.1769895943455215,-5.5795258380642485,9.635475415528749,-8.111292419917609,0.0,416.31346503566726,480.37290235331506,840.1413965138817,873.0027311838904,23,111.78168231516416
0.7200000000000003,0.03935889988684226,-0.8693649344454217,0.0,4.638855439286555,5.816247769382649,0.0,4.733374668841885,-3.2721968244502713,-7.263423197420714,8.890596572121293,-22.658315695592574,0.0,820.5162774339416,31.25822964628249,860.6451133474662,895.3917028795449,24,101.81216610458343
0.8400000000000004,1.7174564317004353,-2.3861995748817035,0.0,5.169407242946942,5.849763719835022,0.0,2.8875588255532185,-4.549640402873078,-4.362480687388478,20.95163513590816,-28.083242734606632,0.0,883.9994435991991,8.98295016129577,411.3463867683898,898.3591209608172,25,105.40730621219498
0.6600000000000003,0.20095061973093173,-1.0681018370200888,0.0,0.8554696562769397,5.454578612696832,0.0,1.4574183307933577,-3.8933913259069612,-3.5837526282283148,15.600202089840858,-26.918715949738957,0.0,889.8904153794668,1.0595391668619036,796.3980716005465,898.5459953422733,26,94.99932514209127
0.7800000000000004,-0.7252469066455564,-1.2896644058546871,0.0,1.5762477630424145,2.960000897216146,0.0,-1.1862560903759212,-3.0806250112615388,-5.852946814429709,16.911528236576668,-26.9357049536512,0.0,855.6217029825161,6.985552354291094,788.917448145299,897.3332711010607,27,118.62037318210963
0.5400000000000001,0.318805521511664,-0.2739682924614943,0.0,3.62919217289517,6.102961418915022,0.0,-1.0228439190332452,0.36531570595131224,-7.973919193957066,18.843174106669558,-25.61841204303557,0.0,828.4005428792657,61.738327085725324,592.0618945248534,877.7788912033058,28,71.36839499987374
0.5400000000000001,-0.5211159602257155,-0.3537179365400257,0.0,0.42829089251446995,2.6975142876909857,0.0,-0.8903393982387258,0.7382378567181662,-8.401621241962888,16.331977521898896,-25.679545211537874,0.0,793.5280193553245,18.00360992511682,798.2816649200262,897.2461611047065,29,71.36547832353575
0.5400000000000001,1.8868191684942521,-0.4982573685093396,0.0,3.653638367893599,1.556088079839208,0.0,6.094080928124685,-1.9885875176258287,-6.828501602269615,16.542958839871652,-24.677249136442402,0.0,812.5100763148341,36.84483756558823,708.9606815959922,888.5309631628819,30,91.34968244787731
0.5400000000000001,1.5932450541884629,-0.9193218269699037,0.0,3.8167054647031993,0.7237703145260026,0.0,3.8024723503819087,-3.056742802329848,-8.463635352613927,16.566706502353533,-24.362033683609585,0.0,816.2431843120245,42.553259213382184,613.5948282931884,885.4341360195891,31,91.34748795517515
0.6600000000000003,2.998606624666473,-1.4564757423394887,0.0,4.859177514372618,3.530876745246708,0.0,12.143245266192917,-1.6790829777960212,-5.1518805951462445,14.097686981682948,-24.894728728135036,0.0,829.2505607222182,4.2616745967718375,749.9422328928592,898.2557274770154,32,94.95548654512531
0.6000000000000002,-1.143346042487921,-0.37689328698801056,0.0,3.456720939003528,3.8277979786023035,0.0,-3.694380356156792,-1.0407344816288224,-6.746355075599597,17.77925388157784,-20.634173335065874,0.0,535.284801466164,152.84498863510953,747.6673043533372,887.1863940720833,33,88.17828454957359
0.6000000000000002,-1.17337985525053,-1.0819762034404734,0.0,6.072609785162914,5.236783438244473,0.0,-2.2354078535814272,-3.6522693645940874,-6.86560503977911,15.798952678090592,-20.880041312446792,0.0,531.0709868422531,44.89102573136702,821.8456250290097,897.5671371173106,34,98.17052868978067
0.6000000000000002,-0.7153019033985163,-1.036285065149357,0.0,6.273930488748807,3.994287694533897,0.0,0.8460894254257808,-3.0459359913783497,-6.824286307513599,14.78574989393718,-22.031970944729164,0.0,721.9752152675695,8.054176204961701,814.4218683778287,899.5973833713583,35,98.173441643752
0.6600000000000003,0.22250898368302827,0.34043924444624335,0.0,2.858218110288947,2.0170291766711177,0.0,-1.7419316126238193,0.7358099639502134,-5.597175181981495,20.87336392798799,-20.414167193080264,0.0,628.7907729381758,27.30438280732046,556.7945957869784,896.0021950118785,36,95.00428641426541
0.6600000000000003,1.5084662958577202,0.02508989915136593,0.0,2.0099496197070508,1.3371877595284456,0.0,5.190132552120777,0.5554248936159589,-6.753405996446744,21.796226683950508,-25.20518237352644,0.0,787.5090677195477,5.852678300200373,523.2827699941932,898.3976129923991,37,85.0020048930905
0.7800000000000004,-0.8350560502027828,0.02357099600270407,0.0,3.5192997515492195,6.272962062479075,0.0,-3.17042145833601,0.7816932766921977,-7.171463340689932,24.90601599255288,-24.497443969994418,0.0,791.420850210733,66.40700069669347,404.5981336202508,885.4206817211273,38,118.64133419983128
0.6600000000000003,-1.9795652556856718,-0.057940053610857176,0.0,5.533137720957363,0.2649584991349334,0.0,-6.833618847050626,-1.0390529896375305,-5.544125703141493,26.49804645380114,-25.244269088146364,0.0,845.7339342655199,27.401256525384852,249.3355867971055,893.5847223219962,39,84.98941727519542
0.5400000000000001,0.14369285751626212,0.08952638343234882,0.0,4.382849238944143,1.7053041807880582,0.0,-0.2975662098487083,0.22066828540645717,-6.061733370688567,25.60994231543323,-23.723240727866703,0.0,795.8692841223613,35.31401533127334,452.1508702434327,893.2537686077542,40,81.37402399914095
0.7800000000000004,0.624343698243378,0.24977222466641838,0.0,0.8360737723070688,3.5030557464107908,0.0,-0.2505661113463584,0.9085710873781263,-5.887727207853751,23.06910616452067,-24.562008678629567,0.0,854.2627201548161,5.133930735187888,510.4063291572186,897.5298736308499,41,118.62941991157751
0.6000000000000002,1.3910596395366415,-0.015635846501017785,0.0,3.7913485594967344,5.3319439469630545,0.0,2.520041206487628,1.3558488872403864,-8.110022615177773,25.008930213824172,-26.811184528731587,0.0,855.0694627822085,21.760960642011526,403.46824919622196,893.4181644806445,42,98.17278973208167
0.5400000000000001,1.1052922984004467,0.4473286080478525,0.0,0.9959450907691973,1.630702816732562,0.0,3.9811572559445794,2.236995961071851,-7.2400797863808615,19.910781152621013,-26.12591383101436,0.0,850.0281804005359,2.988334408426733,639.3935669611592,899.607122718817,43,81.35960555999557
0.7800000000000004,-1.0674141229628202,0.7648237595264706,0.0,5.988623341937675,2.958420795528255,0.0,-4.5720493096696515,2.2134038314713225,-4.512721224550515,22.379212453464646,-20.2140089823753,0.0,389.3869545950404,67.27467596002352,674.9026231249336,895.4865214762456,44,118.61941605848476
0.7200000000000003,0.8158319949011194,0.010779541715004722,0.0,6.025762510859684,2.5079105131288486,0.0,2.5004443107759045,0.7985743535643737,-5.324676241639622,18.40423751282808,-25.607524228248618,0.0,821.7078499540668,5.636932186435327,716.372112121375,899.3332745554118,45,91.81539844040024
0.6600000000000003,1.972750798312325,0.6426588255517802,0.0,2.7393049541091337,6.217203791473057,0.0,4.944736820949811,1.4438715309668113,-6.869511527349602,22.313890983476238,-22.466876981684365,0.0,552.3277747733139,23.849644065492527,475.1763078305086,897.8099068087693,46,84.98352912985705
0.7800000000000004,2.5290017680360415,-0.8611942401757039,0.0,4.782278321787878,0.6513228162980074,0.0,3.645081822831436,-3.981920345808551,-4.5493555682856375,22.247009974069098,-27.2665718683186,0.0,871.0331510758534,3.7425257680249713,595.4361801688455,898.4343563508505,47,118.60111116091784
0.8400000000000004,2.6616028283030797,0.14842743907637002,0.0,5.415753613044206,4.774684907324691,0.0,3.655640850146836,-0.15439122147751871,-6.839030890092087,23.693950521287015,-27.776988353472543,0.0,872.5825955787886,3.9878156238427227,471.1867247239988,899.3313092363106,48,115.41850436773171
0.7200000000000003,2.458101073199037,0.7846567682199008,0.0,1.5348927598067492,2.297501590594191,0.0,5.615201990303218,2.005665518582661,-6.830167963782527,22.218962021731205,-26.115655712997796,0.0,798.7442027474212,3.1411782265310677,548.173532827831,898.5942582184944,49,91.78941590143822
0.6600000000000003,2.3130074003171264,0.5001541793978604,0.0,5.040013849590487,2.950227190004199,0.0,6.245808211754465,3.422860464079864,-5.651673644338057,20.404393846833244,-27.285223099254793,0.0,856.8911686862261,4.497720983552421,681.4842331435898,897.7536477873927,50,94.97594922346201
0.8400000000000004,-2.158227871110599,1.2538254164900358,0.0,4.479575654334823,4.7746722382242215,0.0,-4.846558381450342,3.2720037841853453,-5.585421132863726,26.2286112325265,-25.017982855621785,0.0,791.9909208600616,10.076098674423786,420.1686825579861,896.7129920082074,51,105.41820016808448
0.7800000000000004,1.048764102772405,0.9333931867148512,0.0,1.6078038723170103,2.9409224393514357,0.0,2.5411596235588814,1.0231473310202683,-6.747927642825422,18.954079790669084,-26.8707359103251,0.0,814.7846318174736,3.8392254234201926,648.6774441196903,898.8826270210803,52,108.61645207554501
0.6000000000000002,1.8166397694080152,0.2280196065186616,0.0,2.31648126523608,3.4581237702573393,0.0,5.7550901805917976,-1.422794334407329,-6.199166610640955,16.804541203417312,-26.405609253989205,0.0,781.62650241459,4.168871334508331,679.9977886813699,898.6700708681942,53,98.16548736467547
0.6600000000000003,2.4830623516400014,-0.2276621355936671,0.0,2.938988079730919,1.8962467182445728,0.0,6.139607396024775,-3.893823735190132,-5.41024833033864,16.306585751690715,-28.087924461948422,0.0,873.0559937482129,7.275599472384055,686.0248535439082,898.0961762512421,54,104.97388663594491
1.680000000000001,4.902255611020008,5.86333935919934,0.0,5.88121806552218,3.652068784727442,0.0,5.418346187223664,5.865488248449344,-5.4200153356626215,25.72084003775803,-23.941879488685903,0.0,778.924915342272,24.593323743756248,449.39685231650645,899.224920791055,55,210.5054526491628
0.7800000000000004,1.5010161520768877,2.5271187789691054,0.0,1.7656166693388275,4.215748222986415,0.0,2.768651466377941,6.651265398444493,-3.3231097215112353,20.050704959349915,-27.25462800524574,0.0,820.5858792875981,2.289538920654385,607.487547498508,899.4966496940308,56,108.5892539306485
0.7200000000000003,1.0537479614527034,-0.7836141384642245,0.0,3.1954489452543307,5.917560836626976,0.0,0.872862045372415,-3.274482447904887,-8.556610056549612,15.277035224281432,-28.433381706647936,0.0,892.9665822231385,2.3824069095917917,719.3573145418985,898.5161869732736,57,91.82210045901869
1.1400000000000006,1.5616634615967147,-1.0769199226989143,0.0,3.30727554742621,0.40830486080312944,0.0,1.0083651053646965,-5.32531995967909,-8.572529970390137,14.23801882097883,-28.54683515960295,0.0,889.190032901674,3.6241739848511454,668.8628511528616,898.8066224292545,58,159.53040418749887
1.1400000000000006,1.801337185385587,-4.500320522717884,0.0,5.735792202295137,0.5093039132632917,0.0,1.0080460220687528,-4.882528184408306,-7.161485706640422,5.683571391985849,-28.798550106597197,0.0,899.4152094955168,-0.07573328672871889,898.6438976345524,899.9862945939675,59,149.42286378432715
1.0200000000000005,1.0812900418228568,-3.7206641339207693,0.0,4.904462988741548,3.9634244402225214,0.0,1.9601081833143428,-6.239519017880258,-6.401538054381272,6.779431006929188,-28.716507142729817,0.0,896.064221786231,0.5425450425726309,898.3847994232319,899.1445764214087,60,125.83577521155203
0.6000000000000002,1.8299348192172364,-0.8194652950728823,0.0,5.2990547568153765,2.037263167560454,0.0,5.288089545369721,0.46990067513060463,-7.473993086239898,8.834366017448518,-28.57083105522518,0.0,895.0465075931113,0.5115761530640431,890.7767894516379,899.8064752640249,61,78.16250279369852
0.8400000000000004,2.007774734752241,-0.013622653510880088,0.0,1.0221608261416746,1.2678376565055807,0.0,2.9936327979513244,-2.8298433223598987,-7.551853866395637,8.951667620588081,-27.69889897315698,0.0,845.0100718731982,1.0374442489680737,861.5749653485008,899.5809427394674,62,125.42336485322636
0.8400000000000004,-1.0032036170319103,-1.3914243140375677,0.0,3.129407052343103,0.2015324133224201,0.0,-3.0740035751975534,-3.1752999642284454,-4.897651135694961,9.840382210227144,-27.721772782932756,0.0,882.2936879170996,0.7593640968848444,843.8545202530534,899.758297034977,63,125.42675799594468
0.7800000000000004,-1.4609493864859344,-0.9670492395451348,0.0,2.874004548513202,2.794575934586579,0.0,-1.5742176112051698,-5.131374591128521,-5.144266849859227,13.972258196795703,-26.136487378608102,0.0,770.0414624124113,5.297611647847561,692.5671618315688,899.0684830518894,64,118.61953863052275
0.9000000000000005,1.3321737509573566,0.5673861540036436,0.0,4.580884579290826,1.0824041373740982,0.0,1.3563787305800163,1.0456004481594876,-3.4749164152833902,11.841638715735641,-28.17449132656998,0.0,894.341346796224,2.0302502420205557,816.3104206785366,899.5942268542215,65,112.25303188542267
0.7800000000000004,0.8107589335784525,-1.3545505535166338,0.0,4.359327826750448,4.301652879935913,0.0,1.616238065564159,-3.328441422376199,-6.377569813360784,6.538754675381767,-28.69714210063332,0.0,897.1788146063891,0.1888622748049727,897.3650243586791,900.2209800027489,66,108.61315526673715
0.5400000000000001,0.623136851902079,-0.9774650648953456,0.0,0.30922828382125633,4.505839507024536,0.0,1.8372358198403882,-2.585565952991447,-5.089819256906386,5.171002836186009,-28.71802149495314,0.0,897.533172505142,0.07312745366893708,899.0591205799282,900.4529688222053,67,81.35768203545443
0.5400000000000001,0.6483613668760513,-0.9352327806373102,0.0,0.21358960341481925,4.4766951596272175,0.0,1.9600996471882137,-2.5742677782233008,-5.248487739479699,5.120017003862961,-28.731453511650425,0.0,898.2850860722776,-0.08222754753336228,899.0390103911278,900.1606644696208,68,81.35720810753541
0.5400000000000001,0.4928908094908806,-1.0520468103741056,0.0,0.27198617850295115,4.611935156985854,0.0,1.306049196091715,-2.8666976992864894,-4.839285568816579,4.978154144042847,-28.73110259385436,0.0,898.0943598331933,-0.06853959519192576,894.5063817046022,899.2416202355663,69,71.35922680920837
0.5400000000000001,0.3774306616945414,-1.063016183618068,0.0,0.18950432874294432,4.7006210737650065,0.0,0.8508151453364631,-3.0111613429339985,-4.9740566540753575,4.952043936924515,-28.72286107796897,0.0,897.7953379321748,-0.5986239155031209,894.8654146486191,900.1687706531737,70,71.35995169751428
0.5400000000000001,0.24549508578510043,-1.0543196515105095,0.0,0.15161842942844928,4.811077051341314,0.0,0.3055646784226833,-3.036981769767533,-5.18875602363067,4.981496548245599,-28.731555098828622,0.0,897.975637427778,-0.5666921967185037,895.7838258312975,900.9829361123991,71,81.3610649883763
0.6000000000000002,1.5995958976691638,-0.0884769196470526,0.0,5.933302507117023,1.9497498435115084,0.0,4.70409394845927,0.2435401038593844,-7.377768666677598,4.4305799898422435,-28.710396349014033,0.0,897.631469615326,-0.3022192715035378,897.8396715619765,899.4032366212974,72,98.17026465094557
0.6600000000000003,1.7487945052810319,0.22710543783031076,0.0,5.702440572126758,6.111857299465076,0.0,2.5332295782960097,0.7994454524180591,-5.2690487916990545,4.7918477537416955,-28.751407108207697,0.0,898.2959267691919,0.4752593273463026,892.1598777597819,900.2775174855944,73,84.98630860620287
0.48000000000000015,-0.027958198908806534,-0.02661040091919177,0.0,5.0179097217954585,0.5188473276046262,0.0,-1.1763734050596635,0.8477127805560455,-7.952342773814823,5.414962514135073,-28.589072600906213,0.0,896.6188179732288,0.19051377492209146,893.9655035476642,899.9630177098329,74,84.55410439686133
0.48000000000000015,-0.07045127295166048,0.06604514016988818,0.0,4.905483007564843,0.5561453407475696,0.0,-1.2982219009350284,1.2183207218604952,-7.8197042920859685,5.4365013480624205,-28.55701668682503,0.0,895.9087573911911,0.3818375985614062,893.8142599561825,900.6578145532803,75,84.55406943923316
0.48000000000000015,0.054366736775978634,0.7448799132482744,0.0,4.306807999117119,0.44839269723227204,0.0,-0.8944962848515731,3.4332371093470444,-6.14291537488559,6.205477486206665,-28.458725439446987,0.0,895.2273172353781,0.4860179618385403,881.1320480082396,899.7363159657773,76,64.55027448287193
0.6600000000000003,1.0299455558964408,1.4542209371044645,0.0,4.940800770379685,1.0246752972602007,0.0,1.876789292099311,4.480462824161494,-6.022922195799445,6.303667970612301,-28.573405308681668,0.0,895.2850945955454,0.031071564903742743,878.9225476002155,899.3891364766204,77,104.97626772183898
0.7800000000000004,-0.860689904382124,0.6335598115197073,0.0,4.956968171183888,5.051160395811195,0.0,-2.267450445120383,0.12405563019243648,-4.957035589014202,6.004710940114085,-28.594016327199785,0.0,895.9856596733013,1.1228306285688845,869.299029337525,899.4775114579625,78,108.62890257673763
0.8400000000000004,-0.926414873048214,-0.45227969790683825,0.0,3.893814472338649,3.636003797692746,0.0,-0.5711841318453815,-1.1256324396523945,-6.4477734014043975,5.469477189793176,-28.00674524167449,0.0,862.5345906571515,0.6263488483217472,898.2376844488427,899.5832108627126,79,115.4487563231283
0.7800000000000004,-0.9519774538434265,-0.5732057443280408,0.0,2.9738946247301197,5.257786937984612,0.0,-2.566617979818787,-0.8711689232017584,-6.510498111389228,6.027449082549193,-28.535453339285787,0.0,894.9033632809716,0.4698130577858364,874.0550986226904,899.1272271786275,80,118.62502172225196
0.7200000000000003,-0.9184226377283136,-0.7348182224322908,0.0,2.271741004465639,0.9990798585175984,0.0,-2.0576346855326153,-2.7557100729475312,-4.683945502347326,5.748706163562691,-28.01638072131142,0.0,886.6496377787684,0.9735883988595019,881.6429268515584,899.435283005782,81,111.8030322566106
0.7200000000000003,-1.1274076399769508,-0.43392702975159,0.0,2.946698618147547,0.6429746453725986,0.0,-2.9856083642557474,-1.0620323260744222,-4.660440502417464,6.17322896750333,-28.377396250746095,0.0,890.0322535455738,0.37004712641567045,883.8114538245641,900.4045806613486,82,111.80531932321017
0.6600000000000003,-1.198637598541751,-0.6220294572004267,0.0,0.7346917172648357,4.360317551654507,0.0,-1.5755690095115313,-0.8154042553567074,-2.826097333065636,4.351477094597963,-24.83893391232702,0.0,754.8846706269812,1.8960762090717256,851.4727462156284,899.3075746855994,83,94.98539270564883
0.6600000000000003,-1.1524416202774137,-0.6629776065667053,0.0,0.756388816578192,3.9168769942117283,0.0,-0.9295447350654786,-1.094894179748023,-3.404890466631787,4.617471619926084,-25.426728457236646,0.0,781.127312427611,1.517041577437214,863.614159302257,899.7415909348309,84,94.98554741297349
0.5400000000000001,-0.901582242799675,-0.17413267634190932,0.0,5.452697145526658,5.635852441662074,0.0,-3.7625962832728397,-1.4360146954939412,-6.211799616758671,3.5523592716927017,-28.74083959716489,0.0,898.3969253482875,0.25752343503372244,896.0662543308903,900.6624124265928,85,91.36139050105459
0.48000000000000015,-0.6942055887884098,0.33733418159492395,0.0,4.489117761241214,1.0493941909963898,0.0,-2.8279357467259447,1.6627091268855394,-6.402128032053826,3.554698962987336,-28.64713664920164,0.0,897.4440883385646,-0.08174107062109304,894.9487899771599,899.5883041572108,86,64.54566308974069
0.5400000000000001,-0.9248059837979224,0.6444335575777652,0.0,4.461017623159288,5.608557786477391,0.0,-3.7456155517808094,0.7244191860497183,-7.376419992104741,4.001270340760177,-28.69129892167105,0.0,897.557688365296,0.5040417620609036,879.635312326396,900.1274337986334,87,91.35406197290663
0.5400000000000001,-0.9588734425494223,0.8232984252784061,0.0,4.259860732527443,5.645827348713151,0.0,-3.858964912618873,1.3242094630984356,-7.1532124849031264,4.152659358335032,-28.696310857834476,0.0,897.8680446992798,0.5760002249654261,872.9327258370816,899.3944766595228,88,91.35285031086727
0.5400000000000001,-1.066859744424486,0.8061225209091644,0.0,4.233960172559449,5.72376246355647,0.0,-4.184178735477146,1.3481869839761709,-6.867033507939008,4.050431940595896,-28.71787907612096,0.0,898.220328521974,0.11748557977585905,875.7891545935053,899.6700081516834,89,81.35226034796659
0.5400000000000001,-1.0947075876009162,0.9503512099695424,0.0,4.083032423276443,5.749231810477046,0.0,-4.2585488470578285,1.8164663799389893,-6.507035285501837,4.508463606371742,-28.710155918749106,0.0,898.2916596501856,0.4924669697521199,863.69669610617,900.2870001150056,90,71.35207194501467
0.6000000000000002,-1.4488162780710137,0.8338865142604626,0.0,4.800914211392861,4.125369875562551,0.0,-3.020680539191046,0.3860454922992755,-6.924171659442371,4.4910688255237865,-28.74614250693461,0.0,897.5221681379977,0.5385077183765501,896.4968021281348,899.8202357064368,91,98.16050881727602
0.6000000000000002,-1.5084346987105366,0.8148451154293217,0.0,4.831303766912615,4.154357772906131,0.0,-3.1838304553962518,0.3213072278301341,-6.792391887160573,4.5208736357815775,-28.773354838671548,0.0,898.4908894787578,0.14570371209306437,896.7471923006372,899.8371446315364,92,98.16005487593247
0.6000000000000002,-1.5290686044254165,0.8667202249066173,0.0,4.713572319632625,4.180848152059713,0.0,-3.2629396177459036,0.4624210698780724,-6.689363115118242,4.558341555553456,-28.780179414209037,0.0,898.7763838869797,0.17286849540971905,896.4918384237117,900.1631311751345,93,88.160471715767
0.6000000000000002,-1.5398878393089046,1.0412887279171321,0.0,4.328127247332917,4.179105660472068,0.0,-3.2703968600469966,1.1131366432461953,-6.6380870530171325,4.666889184483903,-28.800780700266593,0.0,899.6693716612682,0.2807133542042603,894.9680402607047,899.5485177640697,94,78.16180699989116
0.6600000000000003,-1.729198277821066,1.2150146879737602,0.0,4.45675667422616,2.4551216822773725,0.0,-2.4717337116740317,2.9550531764465746,-6.428572451654962,4.918538475785772,-28.73817566617247,0.0,895.9822987649757,0.3097899144393415,880.8177849458712,899.548484019652,95,104.96780320280745
0.6600000000000003,-1.765348762587087,1.1360377930495744,0.0,4.484702555738284,2.487721447043322,0.0,-2.530025814673851,2.7312766060675506,-6.496583294315701,4.658832253254254,-28.76972918046598,0.0,897.3713150044136,0.30500776937880375,884.8784384464932,899.7129955347426,96,104.96783993674619
0.6600000000000003,-1.8757902646027977,1.0490447492759358,0.0,4.296866735353916,2.576505243153644,0.0,-2.7131025867060212,2.442133275414787,-6.046096804657752,4.392084959796364,-28.79197332242156,0.0,898.2821552771986,0.6485877242195017,888.0531227069773,899.7883615584456,97,84.96985720952927
0.6600000000000003,-1.9323768878647318,0.9718384281050404,0.0,4.273198102519171,2.62423993191004,0.0,-2.8049217288530675,2.2160157569884076,-5.942348389101409,4.2428897448404435,-28.812944632949794,0.0,898.8968690858349,0.44681185120683226,890.0912804310664,899.3818181129215,98,84.97073568044803
0.7200000000000003,-2.138019117225865,1.2003508968036232,0.0,4.372737368403991,0.8732983745473035,0.0,-4.502508098977533,3.101142157830063,-5.815255263196282,4.486216935076963,-28.796486920258037,0.0,898.8066502625296,-0.6501267403093518,881.7274670104337,900.1482000328681,99,111.77582378172329
0.7200000000000003,-2.1349819789451625,1.2727648166233945,0.0,4.086804754461795,0.8401792441201827,0.0,-4.527909771224451,3.0613314046413955,-5.126187014978663,4.632826315313956,-28.799046013365462,0.0,899.0755182861269,0.03290339079239196,878.0668319588955,899.9429168720318,100,91.77878877991589
0.7800000000000004,-2.37556004916245,1.5372225932838974,0.0,4.469301685622845,5.327039386101479,0.0,-4.8693062073825955,1.667202010703821,-6.238450157344392,5.953174981826084,-28.823637475826583,0.0,900.0025786759777,0.08843379249769989,844.2522337179871,900.8319655492206,101,108.58376095601287
0.7800000000000004,-2.4523900001472927,1.3679467580426126,0.0,4.0908714865530875,5.38569472518537,0.0,-5.040893950787966,1.5481966048203621,-6.239348409315278,5.2048583276281475,-28.79621879638133,0.0,899.0743150354165,0.6372923346578201,858.7483585309811,900.1847740895546,102,98.587868619749
0.9000000000000005,-2.887914486157229,1.3442028067971434,0.0,4.125806866740552,1.9085707600980975,0.0,-3.310503172427901,2.875791826550045,-5.793725591518071,4.86829978195329,-28.812278795026963,0.0,899.2086599690541,0.3526247165270747,886.7365354505757,899.046726670546,103,132.20465106045822
0.9000000000000005,-2.962979865979105,1.1581598862721194,0.0,3.7991962283822645,1.9545846081817118,0.0,-3.3741482268822476,2.340393823265962,-5.478868193235687,4.302328122172622,-28.782972806291028,0.0,898.1539410419775,0.4401341539573217,891.3549504467442,900.4731902892579,104,132.20842174216182
0.9600000000000005,-3.188224230910499,1.0569246726608355,0.0,3.52542064022672,0.1940200572210724,0.0,-5.192607597175543,1.4509612084699042,-5.7618699469617685,4.069078648517738,-28.816667387153352,0.0,899.311637194066,-0.150627295508922,886.4098120414626,899.7645986631776,105,139.02061326980257
0.9600000000000005,-3.292133973364535,0.7591234636527551,0.0,3.0821121307483637,0.21784373424171743,0.0,-5.3046864161442775,0.8504988039253416,-5.57790253471469,3.4794937159296015,-28.805083199950527,0.0,898.9612254167323,-0.07627073585065441,892.3106250716035,899.6280700309352,106,129.02739601582698
0.9600000000000005,-3.2758390606273777,0.49601598956947157,0.0,2.5249587457610545,0.2302086361550595,0.0,-5.296057789471,0.2444477377488027,-5.550429894280488,3.101079582902037,-28.80963014375318,0.0,899.235266154111,0.09699201695439807,893.966366101708,899.9657768079443,107,119.03644897425275
0.9600000000000005,-3.326326298465026,0.45615756683278696,0.0,2.6118921561659807,0.23592438728939236,0.0,-5.352599788842606,0.22892741194743887,-5.567953359557524,3.1870428370028687,-28.85083807903527,0.0,900.6372252120547,-0.18615651543584805,893.1281319538593,899.4959623385023,108,129.03524137166357
1.0200000000000005,-3.5268009739644204,0.5863398624051899,0.0,2.809815041332829,4.710819454717651,0.0,-4.5147456453251245,1.1793142440021633,-7.389304590827042,3.354130748145197,-28.834488044706585,0.0,900.2333488367503,0.48883181881902243,890.501604729377,899.2525059106089,109,135.84501452332847
1.1400000000000006,-3.5662843124041923,1.0378084557160125,0.0,3.5050285243253665,1.1497448297680126,0.0,-3.9685566508511534,1.537372796711148,-5.498620083275266,3.914083743517889,-28.66776149169706,0.0,896.2447745575688,-0.4129288107838479,894.167055580279,900.2469303395991,110,159.463316154467
1.3200000000000007,-2.3681247599815793,1.8630066297002263,0.0,4.438592485262639,4.2242488379663925,0.0,-1.0223114168418481,0.5328884888825465,-7.715632876056611,4.401931931790081,-27.11977996702288,0.0,812.986035598129,-0.07717524687862817,895.3849059392799,899.8834612812384,111,159.93613570878932
1.2600000000000007,-0.6123013522194216,2.863779860037107,0.0,4.8739321072244515,1.3942749840168318,0.0,-5.150838453493599,3.4804712929509876,-14.087421989784225,6.931798003488123,-26.14156721498777,0.0,890.8496289177975,1.4863522753080431,823.626541273245,899.3950532970351,112,163.22707575519289
1.4400000000000008,4.316514143261313,1.8782305116473854,0.0,4.422801785650515,5.927523867148666,0.0,2.6772953055602056,1.3458758384979381,-7.995121729752595,3.3669629063335336,-27.877217591027804,0.0,887.7133504631788,0.15010380033693804,891.9203194310896,899.8590777843043,113,193.53294445525512
1.3800000000000008,-3.1542431474159334,0.9219410897084115,0.0,2.771323509674451,0.2147155043865432,0.0,-3.7276557914765593,0.5584169752446264,-6.940873105004744,2.5641374610686523,-28.812198803322968,0.0,899.3394003339922,-0.05969357620824885,895.4972757150489,899.9335308517701,114,186.76091289458236
0.9600000000000005,-3.3622056680025008,0.16929611086167465,0.0,1.9003367769040374,0.2831812213463305,0.0,-5.391958947220215,-0.4293401992236776,-5.964293125597846,2.5047102647321364,-28.818447205060053,0.0,899.306959051229,0.8403757771718888,897.0025620738389,899.8982903940971,115,129.03908878125378
0.9000000000000005,-3.086735039412013,0.29480131178852337,0.0,1.9696865516078628,2.0466613022284506,0.0,-3.457496666481466,-0.43309488049898703,-5.346404151230016,2.477086209532567,-28.828470610770207,0.0,899.735106631147,0.4829762802986005,897.8677292195005,899.3034600404417,116,112.23111636096812
0.9000000000000005,-3.121740100863838,0.2848667144400339,0.0,1.8979873882614555,2.0503498994323515,0.0,-3.4973966356173576,-0.4841217362215823,-5.46526192656147,2.3947403203872817,-28.845704747233956,0.0,900.328494291769,0.6213684770963629,897.8063250996676,899.7486256739,117,112.229303225641
0.9000000000000005,-3.125453701472351,0.22572252758706898,0.0,1.8113908181231864,2.0752832129806063,0.0,-3.4805628467228806,-0.589971561116896,-5.580784079887143,2.35614103825897,-28.830917155198716,0.0,899.7231331494976,-0.23601915603734175,899.1431810762888,900.0180174755476,118,112.23013422360498
0.9000000000000005,-3.1580083672879,0.19369525611867855,0.0,1.6770209006981869,2.0986128686021495,0.0,-3.5032831498167103,-0.6670206632440652,-5.817271592917944,2.318762050556343,-28.841114474822284,0.0,900.0088502116445,-0.03523465418919581,897.8160163812619,900.3630688244633,119,122.2283284184017
0.9000000000000005,-3.136857648476004,0.12802689678030071,0.0,1.2463843489810875,2.074761934999003,0.0,-3.487357565292146,-0.7812707579522036,-6.126245907185397,1.7517732601391114,-28.833909571797104,0.0,899.937996769825,0.34764024531944276,899.707858495413,900.3392427734957,120,112.23255652632632
0.9000000000000005,-3.1281742425401817,0.08742913806064574,0.0,0.8998862183927328,2.0618899866078664,0.0,-3.485467426761005,-0.6793324571462915,-6.398293257815745,1.3569728970619477,-28.816743018474256,0.0,899.3220364004167,0.29701440596587764,898.0030846541449,899.5728675634238,121,112.23481066362356
0.9000000000000005,-3.1693334171307335,0.05259173647623376,0.0,0.6464582103332299,2.076306685071362,0.0,-3.5245798187205435,-0.5282679236483583,-6.642842551189923,0.972347323018944,-28.837687248081057,0.0,900.1076647698493,0.4126767702912058,899.0378584344944,899.6891935793278,122,112.2334726523783
0.9000000000000005,-3.177935886158341,0.030132328610282907,0.0,0.4760953407803479,2.1063295340839776,0.0,-3.5097678309121463,-0.4000523294917008,-6.825027589007837,0.8778214637000806,-28.824664781536896,0.0,899.6226559537637,0.1272962997454189,898.4351040994676,900.7557603207707,123,122.23207634108951
0.9000000000000005,-3.1405592663029225,0.02111084691654319,0.0,0.3406999008046867,2.064719992738933,0.0,-3.494637003540512,-0.30011826313481754,-6.731117828086238,0.6093991621976114,-28.82945773116189,0.0,899.8960899290975,-0.19688276821099002,899.8511167581177,900.5810338218002,124,112.23603711368735
0.9000000000000005,-3.1533678762181014,0.013796321484998212,0.0,0.20901109523437622,2.0767178086118676,0.0,-3.5025360497862184,-0.18105102928572023,-6.832521149714778,0.4001149310381267,-28.847442164267417,0.0,900.4379281349894,-0.5393346225670517,899.2341925438092,900.2534726360327,125,112.23466617443208
0.9000000000000005,-3.1935596826625985,0.0072848269537683415,0.0,0.10615187289108441,2.0991325377162227,0.0,-3.5348370723069835,-0.08880856598965671,-6.894545660931003,0.20788070098556244,-28.838758887796846,0.0,900.1711553966987,-0.11494156953577424,899.2125815922658,899.9615895731208,126,112.23260468885918
0.9000000000000005,-3.1784442079390915,0.006788044352113325,0.0,0.10290675372115476,2.108163617920992,0.0,-3.511573313533488,-0.08582935109796122,-6.9482665869466995,0.1725071661310219,-28.83963223684174,0.0,900.0463088711679,-0.008858887067098142,898.9377906806575,899.3802522845798,127,122.23218350805449
0.9000000000000005,-3.183892338925265,0.006451477034918346,0.0,0.10501171704388135,2.096329534692325,0.0,-3.5262586517622205,-0.08985596506426298,-6.912671947567376,0.19827489264053685,-28.84931516431637,0.0,900.4812192220612,-0.64221749528567,899.4384702641555,899.7896495686944,128,112.23271096404079
0.9000000000000005,-3.1616887117094556,0.006916095708886334,0.0,0.11757450367482125,2.0911427498496575,0.0,-3.5060473604484264,-0.10233254044549947,-6.888625092717837,0.33871053977954213,-28.848406696801174,0.0,900.3758684945964,-0.18698632794652997,898.850030319243,900.1845987005859,129,112.23381293259865
0.9000000000000005,-3.1646928098076823,0.007503940422367358,0.0,0.0993453046644639,2.0999121166054593,0.0,-3.498887763548447,-0.0821150239471731,-6.886173396658253,0.1539139565884373,-28.82206825123511,0.0,899.7484340964236,-0.3290001601165389,899.3431241777602,899.8428065573514,130,112.23361696352019
0.9000000000000005,-3.194619118707696,0.005627942343273523,0.0,0.13434747998037366,2.1276296805718307,0.0,-3.515348916223749,-0.11658632160944517,-6.978756609424382,0.3521775388449267,-28.832690285844674,0.0,900.042005385297,-0.5120855536435214,899.4253805585264,900.4473816431217,131,122.23106556852676
0.9000000000000005,-3.164395399270312,0.005949669266235202,0.0,0.07693302649309608,2.0996640344559196,0.0,-3.499726622769282,-0.0632011776842944,-6.895278168165747,0.11306157647833874,-28.832695741977645,0.0,899.9631007602825,0.3497585605206883,899.7023643831209,899.7547726987052,132,112.23359044831827
0.9000000000000005,-3.1714229021525604,0.004833151898713294,0.0,0.04540169666852201,2.089793849056882,0.0,-3.514476282443079,-0.03575001991441232,-6.894331405530501,0.0951562114496187,-28.842568317769377,0.0,900.1967312654693,-0.21414289308164114,899.684416580329,900.0634849292325,133,112.23347628728453
0.9000000000000005,-3.1704648762456897,0.0054151220320989655,0.0,0.0978420932923374,2.0929400478510534,0.0,-3.5115799114234556,-0.08489586614937902,-6.867954996911553,0.19662956121923847,-28.825378275044944,0.0,899.849110840784,0.03748829656396169,899.9040122543129,900.2569715082653,134,112.23387043298669
0.9000000000000005,-3.1938815476994686,0.0017638633286361602,0.0,6.262262762247083,2.107227840718995,0.0,-3.532186580341852,0.023120180108064093,-6.958936434364096,-0.12378722960507896,-28.848564212945462,0.0,900.1718259035192,-0.20448672136708257,900.4894396817052,899.5674414165883,135,122.23179224884169
0.9000000000000005,-3.2091281924559847,-0.0018352591984323987,0.0,6.224411505800596,2.1424114492639887,0.0,-3.523340853590182,0.050291476158656555,-7.052297791947575,-0.09582336040790958,-28.83445843238123,0.0,899.865963819462,-0.01523536406984538,899.6598526294772,900.1417044886334,136,122.22956567489446
0.9000000000000005,-3.18424962586535,0.004790464382167428,0.0,0.05686119251248911,2.0958734076228005,0.0,-3.529840783476964,-0.04633705074042124,-6.9160506775815564,0.08464262958315627,-28.866107210531872,0.0,901.0831819551314,-0.04132860595490828,899.5578221710945,899.9899849838931,137,112.23278250713363
0.9000000000000005,-3.2021670746985147,0.00602227598524293,0.0,0.12142904581157765,2.106395949904371,0.0,-3.5418269338937876,-0.10516625685077781,-6.9261097029835605,0.18328920681189173,-28.83258867298392,0.0,899.7318927564004,0.24360486501220757,899.8301926454659,899.5286914922899,138,122.23181112285498
0.9000000000000005,-3.148632120455724,0.00012197214911200928,0.0,6.244524873563449,2.095283667298016,0.0,-3.483523603862209,0.03693459518925525,-6.883640301183814,-0.10759901480722296,-28.823944230923157,0.0,899.6444513402639,-0.41178570736815673,899.9489071544531,899.6775726584224,139,112.23438230317605
0.9000000000000005,-3.1698508703132107,0.0033772054588485302,0.0,0.06809854769654322,2.1003624657117825,0.0,-3.505408597179517,-0.0598970943973283,-6.924358630365883,0.1861894492206781,-28.838729580663678,0.0,900.019039785782,-0.6749810109451114,899.627176617636,900.2145217588921,140,112.2329975183851
0.9000000000000005,-3.192636704750385,0.006288447268279045,0.0,0.07973540226412279,2.1040723388198472,0.0,-3.5297155452787665,-0.06457135020455224,-6.9299710947892965,0.13229627892754436,-28.85077011454717,0.0,900.4982887906762,0.03356689311245853,899.2938999755743,900.0084554454909,141,122.23210141693212
0.9000000000000005,-3.2409908622978794,0.005637771462921641,0.0,0.11111072550605794,2.1548562168871346,0.0,-3.552834937092438,-0.09131452858883773,-7.116383519339411,0.22194068406887418,-28.840343610200495,0.0,900.0087897428341,0.4376915395746335,899.838036966584,900.4200825443935,142,132.22747334168108
0.9000000000000005,-3.2126506881632086,0.006103453192346931,0.0,0.13638431643741278,2.159108957614418,0.0,-3.5147850269664733,-0.11352139098394814,-7.095425442767,0.2364850626027022,-28.833059021878846,0.0,900.0607543287942,-0.07500457284755419,899.9219660904748,900.0975089170968,143,132.2285285485524
0.9000000000000005,-3.19609703717476,0.007497689123020878,0.0,0.1516542833712755,2.111058681432768,0.0,-3.5306572003765035,-0.13148929497774645,-6.945428584133569,0.2851053087410406,-28.843489554850358,0.0,900.2354497857694,-0.4957568940405185,900.3092858087314,900.5634795441092,144,122.23164299723778
0.9000000000000005,-3.1799841790298706,0.013110738089458143,0.0,0.26484866737282076,2.0951324547246983,0.0,-3.5211551277085578,-0.2324732870732811,-6.854652780296973,0.5244810454779925,-28.81993236787763,0.0,899.4590697811328,0.28205573546163126,899.3612108804344,900.0305262848993,145,112.23320156645178
0.9000000000000005,-3.182408098628295,0.008356471359215472,0.0,0.11630829096088391,2.110081658703983,0.0,-3.510949584482061,-0.09595891111031694,-6.921522215655174,0.13072756245165226,-28.822565304993187,0.0,899.5765448447124,-0.2489095187638547,900.1472923412801,899.5684008647987,146,122.23234460529389
0.9000000000000005,-3.1929708772944965,0.03229413072113891,0.0,0.4543703380245132,2.128321344103419,0.0,-3.5120281806717033,-0.3707777727126851,-6.919918457598572,0.6342594117927619,-28.838656268747023,0.0,900.0098987196963,0.030381267853800742,900.2801859794245,900.2708963560251,147,122.23011410833239
0.9000000000000005,-3.1869702048798265,0.06522557666488304,0.0,0.7800727590776937,2.110723085828363,0.0,-3.5204979143510826,-0.6012292242726333,-6.693145059735271,1.1184678188033736,-28.837828521532366,0.0,900.134102511054,-0.1452404745147955,899.2532022462254,900.0184361443789,148,122.23023083814151
0.9000000000000005,-3.168489329414531,0.02806033468893014,0.0,0.34895170163049016,2.0898546219921315,0.0,-3.511699548826095,-0.2912969716669608,-6.8409492472954145,0.5164931623911748,-28.842039863231147,0.0,900.2627620017801,0.6530755231757985,900.2712304544443,900.2467542529555,149,112.23311322935574
0.9000000000000005,-3.176072080476687,0.02057037993977129,0.0,0.2841297959161295,2.1031865761176807,0.0,-3.5103277270373576,-0.23724174536130724,-6.895202132420535,0.37678949381082116,-28.83969472602886,0.0,900.0897263134572,-0.29739916513619996,900.0988152757346,900.0620005828827,150,122.23235056891727
0.9000000000000005,-3.1508068110287963,0.011816180763791448,0.0,0.17176541140330315,2.0823577882659734,0.0,-3.495577344227174,-0.14721862088006085,-6.826771809052547,0.34104049865177166,-28.83194158131989,0.0,899.970367753584,0.10977213522867968,899.5404956545714,900.165509790139,151,112.23492970873895
0.9000000000000005,-3.178246982752981,0.0018479250964562194,0.0,0.01365517137654404,2.107447945484104,0.0,-3.510256796811243,-0.009332929995923181,-6.937880043496834,-0.03713644082003256,-28.83793564816343,0.0,900.0514426228434,-0.4058634343288453,900.0460455323939,899.8963779515343,152,122.23253290101312
0.9000000000000005,-3.175697429012296,0.005832525607219905,0.0,0.12476126602335391,2.1017992810556656,0.0,-3.510901680380571,-0.10896318136432806,-6.888544189176077,0.2451594374389439,-28.824639758767333,0.0,899.5916411588589,-0.07147790287686556,899.7054134152286,900.0254402840885,153,112.23326527504486
0.9000000000000005,-3.1575936563280944,0.0055018755178597575,0.0,0.11460112897351227,2.0734097218336185,0.0,-3.510071615310232,-0.10244779598616255,-6.809064453001503,0.25082392929500963,-28.838202997476056,0.0,900.0256167379631,-0.271100457097415,899.4918380138802,900.0630930869276,154,112.23533054579056
0.9000000000000005,-3.2063914970009932,0.0029174821876144803,0.0,0.034655176833708445,2.1309320663584597,0.0,-3.5280721184284802,-0.026604634774429595,-7.000208319005756,0.008603743850350301,-28.835221017516346,0.0,900.0131538168456,0.1930313751506989,899.9006627274891,899.6426998326007,155,122.23051460529882
0.9000000000000005,-3.1857450227780304,0.00147855442806591,0.0,0.05906859357654248,2.093357887267185,0.0,-3.5325513778127657,-0.05373274892166413,-6.906853339368167,0.16941897887229926,-28.844297076039265,0.0,900.2002032905935,-0.056830940967365295,898.6015888363485,899.4822392458336,156,112.2328851356778
0.9000000000000005,-3.1864771870077955,0.0015915842547482924,0.0,0.027687333527122604,2.1166413946949554,0.0,-3.5146672641325254,-0.02338834267589202,-6.9515044711351575,0.044245534023981285,-28.8337774516047,0.0,900.1099386764954,0.11149037733678235,899.6018077574743,899.7838046090362,157,122.23200004252479
0.9000000000000005,-3.188594939243877,0.0058781446417451345,0.0,0.11432260090816282,2.0956884707612193,0.0,-3.5327509910457935,-0.09956944722792076,-6.903812264677384,0.22147009706563217,-28.846564449880592,0.0,900.2474197900447,0.13885471508385622,900.2784029740245,900.6677253170363,158,112.23273125818785
0.9000000000000005,-3.188692570632774,0.004690529575552478,0.0,0.06803135949973704,2.1116208518237602,0.0,-3.518866417761125,-0.055784705597406704,-6.937976979743716,0.14672380127090273,-28.833214689504377,0.0,899.9666531692387,0.15906260090239752,899.5520488101047,900.46922520281,159,122.23206577937961
0.9000000000000005,-3.2161351048378175,0.0022533725733709766,0.0,0.02762787899366792,2.1280187977442555,0.0,-3.5413241585232837,-0.021737384970546628,-7.026522295765375,0.05334861724978395,-28.841978284253447,0.0,900.0670481720598,0.6992791848442357,899.9241320119531,899.9514720340102,160,122.2298405338533
0.9000000000000005,-3.1814572277117725,0.0011944351710514091,0.0,0.03257976571804466,2.103996662766553,0.0,-3.5160596194401297,-0.02964906379090298,-6.919144645581547,0.11579037300302894,-28.842709594108207,0.0,900.3536321521177,0.4319088243505653,899.4858895712534,900.0688075331385,161,112.2327988853833
0.9000000000000005,-3.2165162218925123,0.003773080678430231,0.0,0.06794606070778464,2.134168294863956,0.0,-3.538193576128115,-0.055353974308177845,-7.0616380658342806,0.046601859146454205,-28.841776792423858,0.0,900.1391234319179,-0.19650120179212796,899.5693816445613,899.3676981240521,162,122.22921777956506
0.9000000000000005,-3.2053072867709864,0.004417628377948491,0.0,0.041266935449089104,2.12687139783592,0.0,-3.527781869563179,-0.029714489237397997,-7.025493971882287,-0.05521239056556932,-28.84073570448002,0.0,900.1032534224499,-0.2374561765392322,900.3004009079089,899.3327383051823,163,122.23015640550152
0.9000000000000005,-3.187835527068004,0.0037688913995037273,0.0,0.05122983040936813,2.1087186313532023,0.0,-3.516732761196319,-0.041936349881401894,-6.9361184554855315,0.09998443904258114,-28.827098563756294,0.0,899.7336854230288,0.32101750345308255,900.1225315933233,900.3575832152227,164,122.23210623784348
0.9000000000000005,-3.168870032831933,0.003953124201813188,0.0,0.027160880163826562,2.084975664992248,0.0,-3.5152617572992795,-0.018735545508591352,-6.884443460163606,-0.05605493309223892,-28.85590439029445,0.0,900.7075669569948,-0.13290355394978032,900.6189154451929,899.805725796723,165,112.23380668673659
0.9000000000000005,-3.1918946964198507,0.005473743144823677,0.0,0.11825962528604883,2.0993141244805145,0.0,-3.5324941926381155,-0.10391929648846071,-6.913806928138746,0.27784210523191216,-28.83767353557169,0.0,899.9429507562594,0.3848893259212412,899.5279330665015,900.3952731104877,166,112.23239242730072
0.9600000000000005,-3.373025258788272,0.000729148225460489,0.0,0.2551513383842199,0.28706784946152997,0.0,-5.406570774476046,-0.15857863211678883,-7.014458697663128,0.3767767460268266,-28.848656969228443,0.0,900.5591246447356,-0.434061121472206,900.008614424384,899.9459502971661,167,139.04298301868127
0.9000000000000005,-3.159956522717968,0.029114693419547266,0.0,0.42477056489505216,2.089538686612503,0.0,-3.500101803141936,-0.36001123770469245,-6.801142837802454,0.565916786896184,-28.840856163012088,0.0,900.2719147955235,0.24759254356455426,900.4951167414082,899.3891057787195,168,112.23346561023232
0.9000000000000005,-3.154213735070181,0.0214425442584597,0.0,0.2912502604076961,2.0856899375386586,0.0,-3.499149492892237,-0.24616070611112215,-6.8477326676591455,0.36998137656090047,-28.845067586475384,0.0,900.1701365484049,-0.5894551617748092,900.1001791763678,899.6251334827781,169,112.2338879930156
0.9000000000000005,-3.1580800104247064,0.004515820852623872,0.0,0.052370483709704096,2.115821061946816,0.0,-3.4789045177990476,-0.041578812950447866,-6.929680785316517,0.05438490756742416,-28.809073606297595,0.0,899.2203214779329,0.3458135279563341,900.3462456985646,900.0544274526627,170,122.23306569438613
0.9000000000000005,-3.2016491276394667,0.0015443121016171964,0.0,0.005505410298591862,2.119922984158613,0.0,-3.5303220671673565,-0.0014453690027043794,-6.975342319363211,-0.07857542575303313,-28.837841278935997,0.0,900.1414878260357,0.11129199233798165,900.429647569674,899.5733581430509,171,122.23120075661996
0.9000000000000005,-3.1414611409638025,-0.0018544953371206244,0.0,6.252045070613061,2.070728447782777,0.0,-3.492971195688201,0.027191367277188114,-6.792458171427315,-0.09339608463901956,-28.82867794759777,0.0,899.8832549346665,0.0887676090633677,900.213766236448,899.7031751581313,172,112.23627174241872
0.9000000000000005,-3.176675389547768,-0.0018550535383984722,0.0,6.242337631028068,2.080451685178028,0.0,-3.530768281072216,0.03591559884606012,-6.86916225161464,-0.05790423726508702,-28.859072479115273,0.0,900.8339470754042,0.30316083256071935,899.9233631297727,900.2569147814115,173,112.23396749598126
0.9000000000000005,-3.2039790229448313,0.0002335398431319339,0.0,0.05447514192572367,2.1325716793810834,0.0,-3.5225833805391034,-0.05059169276411006,-7.027691936086694,0.17803811069901776,-28.8264767956165,0.0,899.6288024289128,0.6446346982210428,899.4847032052961,900.002776798358,174,122.2301606431894
0.9000000000000005,-3.1738182463231546,-1.0042380021685002e-05,0.0,6.265122114483271,2.0919734667651557,0.0,-3.51734415193172,0.016918224118679548,-6.888013277948625,-0.11504970010914628,-28.84283747537391,0.0,900.326218078616,-0.4753201546934423,900.7837036369068,899.3429352327864,175,112.23361343204029
0.9000000000000005,-3.15858544260365,0.0019860154817928207,0.0,0.03901426164973465,2.082109893157675,0.0,-3.506767238749051,-0.033765145215079645,-6.865017503892364,0.046628650285538434,-28.843867252840912,0.0,900.2049036376876,-0.4742908737760588,899.6806625971637,899.523107453818,176,112.23450142523008
0.9000000000000005,-3.189852165995991,-0.001049309878058734,0.0,6.235338277782706,2.101823567411671,0.0,-3.530832338035654,0.04336465507742765,-6.947333887096386,-0.12516877551157962,-28.845476320515452,0.0,900.0583047844664,0.01882997557458925,899.9591401485449,899.7171588621688,177,122.23213738258134
0.9000000000000005,-3.1888909805786283,0.003514260485094568,0.0,0.0511030456058883,2.098039218892243,0.0,-3.531417383991535,-0.04331605247906056,-6.926684978890807,0.10188412879283232,-28.847853060812966,0.0,900.4071738823352,0.26185383389502564,900.0127740451626,900.167188194703,178,112.23247074741582
0.9000000000000005,-3.2092326370746806,8.336623021571456e-05,0.0,0.018954658851202844,2.1124970864605093,0.0,-3.5441433745258974,-0.017644432252895012,-6.969908102160762,0.07711891137807951,-28.849508724358547,0.0,900.4874747170172,-0.47730729724664067,899.5474790194461,899.8213511647508,179,122.2310583666085
0.9000000000000005,-3.1777483574035577,0.009539305564467374,0.0,0.19813066350796493,2.074724958429682,0.0,-3.535712287934568,-0.17745393668589343,-6.812850433773681,0.36684796288896065,-28.830301095949537,0.0,899.74760869281,-0.21904725521055438,899.6805020609862,899.4843422479264,180,112.23440710678557
0.9000000000000005,-3.1474416281810638,0.0017197156693994796,0.0,0.035015613597914275,2.1053329621860257,0.0,-3.4768389446788857,-0.029883021303745677,-6.897827292279593,0.0005984759358129126,-28.814753543108985,0.0,899.3494490459611,-0.3222560363174463,900.2368518090444,899.1406817762505,181,112.23414459180489
0.9000000000000005,-3.2076714611186,0.006439609222299063,0.0,0.130962554254487,2.120511863701825,0.0,-3.5374979962087822,-0.11188925861754911,-6.976022762064921,0.20437536819490387,-28.832220082596994,0.0,899.954983583017,-0.2287412283409361,900.0108932316207,899.9361253684175,182,122.23076150534854
0.9000000000000005,-3.193671128056816,0.0030210726709389573,0.0,0.008374562049013434,2.104216695874367,0.0,-3.531651981228685,-0.0021046914998210098,-6.924125302869864,-0.04928261711406458,-28.84600931490269,0.0,900.4187573715672,0.22568694458962543,900.0872589567956,900.0046864822293,183,112.2322157207394
0.9000000000000005,-3.18025091825053,-0.001902217633125116,0.0,6.246794163534208,2.119845640060113,0.0,-3.503278342851072,0.031025400521065366,-6.961520354185778,-0.07936682070438728,-28.82004188829276,0.0,899.5655813519918,-0.13840941000843776,900.0261783315584,900.3021341965698,184,122.23203231695388
0.9000000000000005,-3.159327871221924,-0.0033005390647769944,0.0,6.221145423867178,2.095547462363797,0.0,-3.4978197367269406,0.05329871555210128,-6.8710906705051205,-0.15694242083488874,-28.822583959720763,0.0,899.5913372657412,-0.7001908828863334,900.2350697284681,899.2718140927246,185,112.23422113819638
0.9000000000000005,-3.170747023887039,-0.0003560880151532004,0.0,6.274047933171683,2.0912926183185157,0.0,-3.5147441525551235,0.007871686489846229,-6.85667771876528,-0.023368082648038788,-28.825324017236966,0.0,899.8223556690718,-0.03022881137831205,899.663844855461,899.5085428736447,186,112.23425229607565
0.9000000000000005,-3.1779660804874674,-0.0007410591465304948,0.0,6.247995401986831,2.1040349683433988,0.0,-3.5153119107438835,0.03187599564796595,-6.917568341509544,-0.16042562841874658,-28.82642934441165,0.0,899.6834300964786,-0.11948400512808911,900.5997219102302,899.2645171625302,187,112.23296585691111
0.9000000000000005,-3.191494846973535,0.0017505090195900884,0.0,0.018867112497741978,2.107641542335873,0.0,-3.526653355689962,-0.015354808747378983,-6.940591961498974,0.05858852516348089,-28.833505309691116,0.0,899.9691937887511,-0.2517629503099355,899.878262155663,899.8641045252435,188,122.2320842373432
0.9000000000000005,-3.1650547132723137,-0.0020779075391540044,0.0,6.23539137841845,2.0853881919742268,0.0,-3.512298041050272,0.04186641635526372,-6.857906597417552,-0.06701297678356243,-28.83569611572445,0.0,899.969807244495,0.7505045546411514,899.9781163498518,899.7375633967578,189,112.23440628447489
0.9000000000000005,-3.184596878325304,0.0023248225414877165,0.0,0.05878990345338675,2.0927551470664163,0.0,-3.529625992176871,-0.05151636610238362,-6.909697146681891,0.07220480213618782,-28.843233233425842,0.0,900.2952952161634,-0.09764707804522021,899.4825337556794,899.7546407930629,190,112.23288309511777
0.9000000000000005,-3.2186088536426083,-0.001971087929627899,0.0,6.235560966069594,2.1260966126086114,0.0,-3.54890811200191,0.039967587185743614,-7.040300034899586,-0.1088082497974754,-28.86848930742691,0.0,900.9970569743006,0.08565462667234017,900.0678742706547,899.5310922237271,191,122.22963968081359
0.9000000000000005,-3.143718391222043,-0.0012327697998689969,0.0,6.2097845360960555,2.0738159739320174,0.0,-3.494432335040656,0.06943220816632426,-6.816319872745887,-0.15755547566339498,-28.828937415686013,0.0,899.8472392042477,0.20357412497448202,900.0186934681101,900.6617783759663,192,112.23581007191558
0.9000000000000005,-3.19544631048978,0.001541278846665593,0.0,0.01928074138260527,2.1140742872654723,0.0,-3.5292856685686305,-0.014719277836152077,-6.940120208637317,0.04060692973170994,-28.832574047062426,0.0,899.9239198772955,-0.27250314346044235,899.4468489086457,900.010089465594,193,122.23197435202809
0.9000000000000005,-3.201388815984581,0.0014661319988833433,0.0,0.014793044400574829,2.1098295509109093,0.0,-3.5377958790140016,-0.011739791898242567,-6.938827548130874,0.04291037045139328,-28.832857254192557,0.0,900.0876293434578,0.1331256481261079,900.1237058703603,900.0853193455653,194,122.2318356377377
0.9000000000000005,-3.19375298875555,-0.0010709734355648863,0.0,6.235475908085029,2.0976795319603116,0.0,-3.536424355010684,0.04429040905563285,-6.903070508348113,-0.16854534244016556,-28.848405596043566,0.0,900.5639868050195,0.10933237201681978,900.1007955276109,899.5738459410059,195,112.23270400181292
0.9000000000000005,-3.1355409956921614,0.00018172198165026038,0.0,0.03463084160203689,2.065964619460951,0.0,-3.490850440728554,-0.03380937966896386,-6.805671445612425,0.05482430613451995,-28.844156873560628,0.0,900.2519920727798,0.023017175399560906,900.4871609802873,900.2776287692917,196,112.23631455182726
0.9000000000000005,-3.213325523323571,-0.0014805665471319994,0.0,6.233756018021689,2.137449712598176,0.0,-3.5324477442192577,0.04297781444856107,-7.034653839370695,-0.08740589223598433,-28.83638251558323,0.0,900.0893006120206,0.012475438873677733,899.4316925027164,900.2579860736121,197,122.22980286719076
0.9000000000000005,-3.1981588972141357,0.00413559621665819,0.0,0.034712467075395104,2.1042097207955734,0.0,-3.539143597198835,-0.02510594379053073,-6.933118202720613,0.035504903686915834,-28.849764410907202,0.0,900.4466878459759,0.22123422986569535,899.7668380544624,900.098750511882,198,122.23202015520678
0.9000000000000005,-3.173567076104834,0.0009793004428842974,0.0,0.029549707357192645,2.074083807038839,0.0,-3.52991611299354,-0.027165641800729508,-6.82381941562726,0.10379965862679563,-28.831421991101557,0.0,899.918099433614,-0.5024961797024208,899.4945401785676,900.0895169079862,199,112.23474446007579
0.9000000000000005,-3.1507684900473794,0.013396225282025003,0.0,0.18197077725905508,2.0636919979618327,0.0,-3.509363031051206,-0.1563964647831103,-6.776367563707512,0.2649250510753593,-28.841330326334614,0.0,900.1617282503878,-0.23053885598435642,899.900272699609,899.9968007871072,200,112.23584355433627
0.9000000000000005,-3.1815234948191558,0.08990893424150766,0.0,0.8356677674435877,2.12356481463676,0.0,-3.505280661763554,-0.5962539038626818,-6.680973446821126,0.8775767499336545,-28.823564546826685,0.0,899.5687007922688,-0.2272288918895462,900.2302406874588,899.5201465769526,201,122.22922355317006
0.7800000000000004,-2.6129452881893505,0.9086374741353312,0.0,4.406344003239557,5.556090555032316,0.0,-5.463184982237434,0.7718070820899469,-6.468992780346365,2.9917792296554273,-28.841446993154324,0.0,900.2308955785114,0.4331334511215028,899.2453537475892,899.3203168364411,202,118.58829764528868
0.6000000000000002,-1.8416853638915942,0.7189036592153492,0.0,4.909802450508543,4.438351608224757,0.0,-4.273587306574739,0.18192507482219344,-6.16225081186166,5.170178987492761,-28.82636088347915,0.0,900.0098817259912,-0.07329784741239206,900.1989561038475,899.9129144902486,203,98.15711685262875
0.7800000000000004,-2.651961433462559,0.7921846641186534,0.0,3.92630991666001,5.609543553989209,0.0,-5.539448106427459,0.7612049123099239,-6.41819358368787,2.7272155360280674,-28.834859451162366,0.0,899.9348532047438,-0.8795740131423493,899.7879370657906,899.0661877219495,204,108.59135801972393
0.7800000000000004,-2.628406953963292,0.8505446767046385,0.0,3.722399012357494,5.56925033124514,0.0,-5.479025276820409,0.9406616799946246,-6.426658527115882,2.5896124654249473,-28.83513532879716,0.0,899.9074017765731,0.42870878465259693,900.6918450921157,899.5734029880912,205,108.5922519531381
0.5400000000000001,-1.3253628714871313,0.5067014933138729,0.0,1.146559205775464,6.19715826406833,0.0,-4.814349726668674,3.651598274056749,-7.184706832404763,9.306112043579871,-28.81322535942531,0.0,900.0166713965147,-0.043285102803622355,896.3641740232792,899.9288932299245,206,81.35697780819228
0.48000000000000015,-1.1457286835213611,0.1936823699141838,0.0,1.014927076249391,1.6171275206477755,0.0,-3.361615998474022,-0.38679690676150624,-9.345461879120963,9.988603584074742,-28.776456299917214,0.0,900.0419138031773,-0.06277244337444848,899.2411621027035,899.7116281051495,207,64.54161070766352
0.7800000000000004,-2.6479466152554307,0.7893691299066629,0.0,3.053834810700412,5.58867914345662,0.0,-5.51361999872089,1.204385108193279,-6.326300227201023,2.3758966919661044,-28.833029479807696,0.0,899.9512780760427,-0.002443293131253183,899.045214447137,900.3405851183161,208,98.5944380159882
0.9000000000000005,-3.1275607910698446,0.05717914870311209,0.0,0.3935480705422272,2.065853853731525,0.0,-3.4815230902875642,-0.29761597710410004,-6.708745726791793,0.49701852830740095,-28.815468288606272,0.0,899.4413581613974,-0.7904702155861022,899.4919801026439,900.1208262659785,209,112.2356327293557
0.9000000000000005,-3.1630792361023854,0.0006924302275683975,0.0,6.231173426425629,2.063510835461594,0.0,-3.5244180177035225,0.051428643060630455,-6.800970482054525,-0.1296116581215486,-28.84084356001115,0.0,900.2209783976483,0.19947478142270575,899.8942117499125,899.9228380312798,210,112.23549620139326
0.9000000000000005,-3.156624122103524,-0.0016880440934216462,0.0,6.25043761191716,2.080120688827936,0.0,-3.5046097580372044,0.028679529660891625,-6.864707316505038,-0.06763313648481885,-28.856811361384107,0.0,900.7317297903134,-0.20727421759875267,900.368463230351,900.0348714077152,211,112.23460671238645
0.9000000000000005,-3.184215436465664,-0.0016204175356240745,0.0,6.242883918771652,2.0980747235281143,0.0,-3.5265646888648265,0.03553941516091085,-6.939742486232198,-0.07461146741780936,-28.856064867055803,0.0,900.5306867903599,0.519080325121547,900.304999596463,900.4627236674761,212,122.23248751880628
0.9000000000000005,-3.1834098153193056,-0.00028280954569264425,0.0,6.254928665576525,2.107717755522529,0.0,-3.516023039532947,0.026123445502489843,-6.921014563276295,-0.12478770135975381,-28.82697104762258,0.0,899.7863481873051,-0.31701680991277753,900.0584237486879,899.5752593276388,213,112.2326418139244
0.9000000000000005,-3.1777831015003706,0.0007351362112174979,0.0,6.2667533333221535,2.0898791122634304,0.0,-3.5225287272324586,0.017406860253878297,-6.84343856918022,-0.12939877132099736,-28.817637421148323,0.0,899.4888426900998,-0.659784669855646,900.3785446369756,899.8072075275833,214,112.23418505664694
0.9000000000000005,-3.160115561456094,0.0002507963462956903,0.0,6.280875025237501,2.0885565864239517,0.0,-3.50365827254014,0.002498038520906136,-6.8721387968595185,0.007281832073942354,-28.836311074659672,0.0,900.0670996543962,0.5683644559270733,900.1147868606234,900.1498112035962,215,112.2343792525313
0.9000000000000005,-3.227816390592151,-0.002968351368840092,0.0,6.228056712917859,2.1518651112468596,0.0,-3.538363711321894,0.04394190318289799,-7.048837453328555,-0.0894398287872326,-28.816875960472764,0.0,899.4837792339142,-0.32393331700331773,899.9632311751866,899.6970442348311,216,122.22890851201262
0.9000000000000005,-3.1796432530426184,-0.0006662613697607459,0.0,6.229310987279202,2.1140311092071613,0.0,-3.5079421642435857,0.04989672176149618,-6.95863820335043,-0.16747796303927476,-28.836716167879548,0.0,900.0187696947664,0.18794837571200898,900.5722484103375,899.8599631601472,217,122.23217539258093
0.9000000000000005,-3.1990691522688754,0.0018589507782497338,0.0,0.07367700999434046,2.1005201168001157,0.0,-3.5426104655110433,-0.06746007969183476,-6.925627527272829,0.20212893078299973,-28.834109113005553,0.0,899.829673333598,-0.008208130097628705,899.6038425309745,900.0478861156046,218,112.232137228581
0.9600000000000005,-3.3966125656446224,0.0010096862871482406,0.0,0.03348809648385753,0.33160841395211094,0.0,-5.409473534807723,-0.018143319706210345,-7.223183418815681,0.09615788784523975,-28.822106331206705,0.0,899.5756723382214,-0.44607515114333757,900.6741209305179,900.7245239597897,219,139.04036003912896
0.9000000000000005,-3.210262202163518,-0.002430273770660251,0.0,6.238345476445126,2.1459073037996177,0.0,-3.5212625742741244,0.036673018398428195,-7.038814085196754,-0.07580378822748268,-28.81601118102734,0.0,899.3798199051729,-0.3264209251833665,899.8004498008045,899.9687595265634,220,122.22968743610384
0.9000000000000005,-3.202285053280926,-0.0008525693113163019,0.0,0.007176097830950745,2.1050514494952814,0.0,-3.5407484261684514,-0.008566830109478566,-6.951788810393947,0.08265721437910838,-28.85293252429644,0.0,900.729755727037,0.17846770225052994,900.1788109800212,900.7085283763661,221,122.2316684116065
0.9000000000000005,-3.162823056525479,0.0004263483559959231,0.0,0.004056230498863833,2.1055813774857075,0.0,-3.495474630538734,-0.003039493028218009,-6.934986378294582,0.01647105062670072,-28.849958657346093,0.0,900.4087066524165,0.032142079237988536,899.9616479639985,899.9934423200531,222,122.23314757584066
0.9600000000000005,-3.4102330367456073,0.0010476878404733529,0.0,6.243821137531555,0.3271358746781461,0.0,-5.425222398011035,0.025779761303245618,-7.229918860496506,-0.07823774492101697,-28.85302519073384,0.0,900.6213362287547,-0.1307252221000415,899.6768984667325,899.9053729459233,223,139.03973775451726
0.9000000000000005,-3.2160301596588328,-0.0007143259627905485,0.0,6.270387852121839,2.0934491509713684,0.0,-3.569432606839061,0.010872681046602516,-6.908722821875339,0.004323293222827254,-28.839021185918725,0.0,900.1120739964939,0.8012173181586489,900.1961334415646,900.5686746856403,224,112.23205933615603
0.9000000000000005,-3.171280617305109,-0.0003485160272809058,0.0,6.233357865044063,2.0894109746200034,0.0,-3.515446368089247,0.04703519237940414,-6.873793819490392,-0.15886933662909813,-28.840900048678495,0.0,900.3938003398644,0.11140344932174166,900.263846524526,899.6516214623938,225,112.233962544375
0.9000000000000005,-3.166167109347676,-0.00026461617963502524,0.0,6.258632714414183,2.102620190388926,0.0,-3.500624061765747,0.022655818017226114,-6.9235456686685675,-0.0796081488326332,-28.830411444208096,0.0,899.694022616627,0.4635008198676505,900.3215703602073,899.931197567974,226,112.23319077445856
0.9000000000000005,-3.149836118216298,0.0010552315465509846,0.0,6.272463856618577,2.086478324895742,0.0,-3.49365846177342,0.012506636667889324,-6.860997479173521,-0.10134440600028564,-28.830271784446516,0.0,899.7717056841374,-0.27960725865952907,900.5370516432856,899.5572112130651,227,112.23481137355704
0.9000000000000005,-3.1850750272747397,0.0006630969428881388,0.0,0.0005830509770436976,2.0875320157323785,0.0,-3.533861511457487,1.6757782196147536e-07,-6.883371619712755,-0.001448081315934267,-28.83413078135488,0.0,899.8174703951521,0.013198393571680733,899.7550109632946,899.8511111375225,228,112.23337896853288
0.9000000000000005,-3.1793475655070367,0.0016424650225166225,0.0,0.012539609492710824,2.1210226393682845,0.0,-3.501840197709136,-0.00863391195800202,-6.96948142402407,0.03799202919607782,-28.835082730257547,0.0,900.036540003043,-0.22252372902996076,899.6573885747805,900.3201259043248,229,122.23191210240579
0.9000000000000005,-3.158060393754986,0.031150346932706307,0.0,0.46051890288041974,2.0614140459470214,0.0,-3.5221420777530237,-0.39561865245152694,-6.711748359874367,0.6042171519192109,-28.854257909308174,0.0,900.6293179158839,-0.16030125757138716,900.1161804034427,900.3105621482368,230,112.2349623430209
0.9000000000000005,-3.169172914322156,0.05958998887896681,0.0,1.789588257548262,2.1122736960351887,0.0,-3.5128883364659007,-0.7577804799440734,-5.784342562158255,1.7603431961144151,-28.836640055370093,0.0,899.9390848609555,-0.9456508244605482,900.8537412791949,900.2860712858642,231,122.23015292415288
0.9000000000000005,-3.1671710566330433,0.06471676734994998,0.0,1.114369062876003,2.112411977665287,0.0,-3.498879202599795,-0.7772331455610073,-6.389548279603806,1.2349796704785507,-28.81871553607136,0.0,899.5164686574046,-0.2722753991754472,899.8379717375701,900.040507105362,232,122.23108550786714
0.9000000000000005,-3.1671154599714675,0.03541075179184477,0.0,0.7219551196934493,2.1042915390780266,0.0,-3.503182156913406,-0.5914563891668098,-6.714875413148449,0.8904882614129968,-28.838293702209175,0.0,900.0698576001042,-0.686010301207423,899.5749918625924,900.0328370267619,233,122.2318819316237
0.9000000000000005,-3.166571005578002,0.02247885714956374,0.0,0.2797649767067263,2.104534404214025,0.0,-3.500836550395956,-0.2253588333093168,-6.90274215425308,0.2920606054099306,-28.83230148421804,0.0,899.8186309487036,-0.38931130973409234,899.5371665611694,900.0142258258875,234,122.23250581665309
0.9000000000000005,-3.151875896444493,0.0048558487547021205,0.0,0.0852839402154002,2.0848567261847215,0.0,-3.495105186312491,-0.07329963008179408,-6.860721949069043,0.1855170036923217,-28.842727537512207,0.0,900.2691468197644,-0.11737513084024047,899.5331634811006,900.2247700543613,235,112.23468264310831
0.9600000000000005,-3.3956293512262055,-0.0026236561386676254,0.0,0.038751715567019396,0.31948878103235145,0.0,-5.414232886171784,-0.02714367710812193,-7.1695151307715,0.08019013104561805,-28.821504049589194,0.0,899.5810819843961,-0.014060598015430359,899.9879463664641,899.8144313658789,236,139.04105859255947
0.9000000000000005,-3.213084507768077,0.0009685134118787146,0.0,0.032635516545559184,2.130965631483466,0.0,-3.535971931742382,-0.029291011374658282,-7.018153747633315,0.10000856885405966,-28.84144716480941,0.0,900.1638455332917,0.17869812854410425,900.1290949801139,900.1305402657804,237,122.23009524543531
0.9000000000000005,-3.165176354245063,0.002043803350244194,0.0,0.07197721538372637,2.0830858105033148,0.0,-3.5126039947187038,-0.06639287555156337,-6.868363693488243,0.13489092072341405,-28.838449961160308,0.0,899.9740886673892,0.23595565612872543,900.1686927625831,899.9686631035912,238,112.23421009868449
0.9000000000000005,-3.167957148104128,0.0005380419395011891,0.0,0.01264610916738551,2.083518274682456,0.0,-3.517192444230128,-0.011353580970441647,-6.869805230957183,-0.013693552599968094,-28.835384599026018,0.0,899.9184470654284,-0.12138054638054024,899.8507786944525,899.3732017560743,239,112.23412452086234
0.9000000000000005,-3.1749982274307436,0.00099744230679899,0.0,6.2821298409508,2.081198001024296,0.0,-3.5283926613786423,0.002798203994519872,-6.8587634996196725,-0.010259511905511358,-28.83888892484753,0.0,900.0060170102203,0.5232899668402455,899.7886763784885,900.1441953710488,240,112.23416900638149
0.9000000000000005,-3.1841316645078197,-4.2563025201301135e-05,0.0,6.242586650527032,2.0933856355940037,0.0,-3.52935323782817,0.03808979118884154,-6.888421639581046,-0.08371546026912574,-28.833651126810647,0.0,899.8906230739237,-0.9593079393472579,900.0529445747895,900.1576391858046,241,112.233291330974
0.9000000000000005,-3.174911018169621,0.001643834606905589,0.0,0.05077484889231698,2.0828984102914454,0.0,-3.5245106055466953,-0.04617750774974713,-6.871833013395696,0.140658967796358,-28.84529484862966,0.0,900.2862177233851,-0.30365221747342974,899.9220500449655,900.8615506440549,242,112.23389273293867
0.9000000000000005,-3.171555162945885,-0.0004154921313462731,0.0,0.01904540008015676,2.102197962274536,0.0,-3.506295702814858,-0.018960629964970315,-6.910269927557392,0.08056886530514598,-28.821512388613286,0.0,899.4275657451793,-0.07777686872669823,899.8296684584977,900.586152217774,243,112.2332547451583
0.9000000000000005,-3.1734405293858803,-0.002922384905460644,0.0,6.185667303985845,2.0793937112162784,0.0,-3.527699976492918,0.08848143045965909,-6.8798178777756,-0.25075497429839694,-28.860066373206507,0.0,900.8254760597849,-0.06739011200225847,900.2418486161337,899.4498355883743,244,112.23380198125871
0.9000000000000005,-3.1783560705282716,-0.006460090048403163,0.0,6.1415570676716875,2.1081976707469163,0.0,-3.510800820411039,0.12032695972696025,-6.912651846994054,-0.2764572030282506,-28.82964590861072,0.0,899.8258856379143,0.04906367574263041,900.6387775574088,900.1782336283152,245,112.23274880952926
0.9600000000000005,-3.4396851281469374,-0.002057885107024488,0.0,0.055797990565685573,0.32650526124792645,0.0,-5.460322498701922,-0.034669660144347955,-7.231745036133231,0.18430253179722605,-28.849071772011385,0.0,900.3752812160834,-0.6043414123768429,899.593172277323,900.2147950502031,246,139.03885618345328
0.9000000000000005,-3.208374583672335,0.00125891694183907,0.0,0.03969888441236158,2.1192683950543305,0.0,-3.535803668780366,-0.03473577148091021,-6.969834815342369,0.06394878236713267,-28.825135447919745,0.0,899.7920984740534,-0.16274540836129608,900.0773948624459,899.8455665634413,247,122.23098336519125
0.9000000000000005,-3.202267555560274,0.0016722017832763525,0.0,0.042127375047598115,2.1407968274422355,0.0,-3.5149023872391187,-0.035979870589182186,-7.0597175538809624,0.09000056517071196,-28.823492753788276,0.0,899.5796502074238,0.45861149181098493,900.4292962658053,900.5154981120422,248,122.229724007628
0.9600000000000005,-3.4234958031178437,0.0015300339673306887,0.0,6.2472130776712085,0.33140899594909,0.0,-5.4374559962574525,0.022582048417179874,-7.219911688000839,-0.1276172787393336,-28.828542415699516,0.0,899.8840993071523,0.22180652406952223,900.5175367722171,900.1115430702333,249,139.0395387593167
0.9000000000000005,-3.1740595040397777,-0.0065234299728176865,0.0,6.108219288680942,2.0908502648312357,0.0,-3.5221948619687296,0.1539162963028743,-6.872977376474934,-0.3844771441560759,-28.826538356361333,0.0,899.643173480659,0.2423110024640015,900.3212480525478,900.101433358074,250,112.23366618334641
0.9000000000000005,-3.2094876979517095,0.002267074423431124,0.0,0.04326957841974899,2.1203848589616534,0.0,-3.5399921251221924,-0.03678978421427126,-6.958114744176285,0.09281082751539423,-28.83022196758309,0.0,899.9009893639957,0.7035996162948188,900.7669282018821,900.6395774110122,251,122.23121809855272
0.9000000000000005,-3.1915833711624333,-0.001022326145806801,0.0,6.245459075799577,2.091784433106767,0.0,-3.5398449466938793,0.03458525667641024,-6.90186560385148,-0.07456544921463837,-28.836170499623393,0.0,899.8570135847259,0.49105312997560346,900.3679660023259,900.5808414594842,252,112.2328819295686
0.9000000000000005,-3.1795923766162444,0.003143385159095437,0.0,0.025784161871245992,2.068594275418576,0.0,-3.5423496487948034,-0.020086617654839586,-6.814212765672927,0.016253957552921944,-28.84869892807394,0.0,900.3643166536103,0.9930131412561981,900.2341052963311,899.6128125114889,253,112.23476871700004
0.9000000000000005,-3.1602152951517937,-0.0029606851464292028,0.0,6.246761533970641,2.0685533612137927,0.0,-3.519220836471756,0.02998285587112828,-6.832557532872304,-0.05403353750711404,-28.852991079501404,0.0,900.5737319190683,0.062040212463721094,900.0915354554608,899.8451200855077,254,112.23510143752857
0.9000000000000005,-3.1738828074847367,0.0008097770774691726,0.0,0.03886352928112213,2.10653581078636,0.0,-3.5059364136846036,-0.035742399713245984,-6.91084682668835,0.09439558962024559,-28.82262354225373,0.0,899.6135341883706,-0.06131134196739408,899.6440267473797,899.8652187753022,255,112.23311158616298
0.9000000000000005,-3.1512996872868473,0.0010365962859531467,0.0,0.025519795136085044,2.0648923016682854,0.0,-3.509597841545001,-0.02299847006612981,-6.801050773455838,0.04825937261162242,-28.831627310568123,0.0,899.8424107753134,-0.02453327411641067,900.4965461395919,899.9616900322605,256,112.23593480262596
0.9000000000000005,-3.1910791116528054,0.0014524655336085582,0.0,0.05857484768145582,2.104609025611609,0.0,-3.5286968522399578,-0.05360101633049231,-6.946150131877557,0.16572396772648365,-28.844809886434167,0.0,900.353669840211,0.03039135748926547,899.5859119657225,900.0964175340938,257,122.23206451571875
0.9000000000000005,-3.1826754850363685,-0.0011507314262174657,0.0,0.02892521724495989,2.1106056583598445,0.0,-3.512360793964479,-0.029835044796140013,-6.9338334097675585,0.18662646599302943,-28.823362296032236,0.0,899.6589615633046,0.5218595016171911,899.2122504030099,900.4990249537174,258,122.23240771278378
0.9600000000000005,-3.3992036307695397,-0.0018483113881248205,0.0,0.022113033777316993,0.33126154477497227,0.0,-5.410474462522457,-0.014257164064296545,-7.214932663670252,0.09638023697983569,-28.81570508357023,0.0,899.3996837042135,-0.27471020688518,899.8031297373684,900.4271380668463,259,139.0403776191347
0.9000000000000005,-3.1682921946460523,-0.0016428793129756973,0.0,6.229686772800189,2.0769033163439214,0.0,-3.520004280741088,0.049351485300267756,-6.821332421269065,-0.16221065595141013,-28.831465296239255,0.0,899.8924130803356,-0.24641549390901582,900.6644915968567,900.052722921296,260,112.23496638658094
0.9000000000000005,-3.137143702897557,0.0006369109840987279,0.0,6.261787231231647,2.074380023851967,0.0,-3.487883633816134,0.021824547846421363,-6.817365572376596,-0.0649646150910578,-28.834530206471605,0.0,900.0221371881602,0.7054338741580038,899.5934155412789,899.4331947686666,261,112.23606891530184
0.9000000000000005,-3.176443816466705,0.004763857468463024,0.0,0.09839546733733862,2.1147960061214874,0.0,-3.504022746178501,-0.0842953321113539,-6.953931593405311,0.14217370950115427,-28.826850275143574,0.0,899.6355707305866,0.42902819948696425,899.9357395548819,899.7612318183837,262,122.2321809625455
0.9000000000000005,-3.1911926975525353,0.0009462173046573157,0.0,0.019806955506859403,2.09793395105919,0.0,-3.5327045272655972,-0.01778276622100354,-6.911959140010454,0.047537850602568564,-28.83299859629763,0.0,899.827114072037,-0.030413611817660266,899.8912024187895,900.1945821721514,263,112.23262765536288
0.9000000000000005,-3.155737259081863,0.000601491811508867,0.0,0.00436024206782637,2.088931909853443,0.0,-3.4989547388011113,-0.003051384969280792,-6.888711249990867,-0.010952695710451725,-28.859470677897146,0.0,900.6576086728293,0.03038615720509183,899.9683138431402,899.7092855117281,264,112.23420663650492
0.9000000000000005,-3.1940077806469804,-0.0006424537713310123,0.0,6.282107211503604,2.1029969721097928,0.0,-3.534385931824045,-0.0008327804125113238,-6.921581068388521,-0.0056379638565522095,-28.840476972488222,0.0,900.1012124792367,-0.6593683510325146,900.1936109201513,899.5559096390713,265,112.2324082936276
0.9000000000000005,-3.186877652243562,0.005466422172713132,0.0,0.11887923093484076,2.112778153948554,0.0,-3.5193103460655526,-0.10270802228133177,-6.91844130281921,0.25664257056506135,-28.820351957920135,0.0,899.4854483945313,-0.22079636324773094,899.6963901853605,900.5945827632897,266,122.23242990379782
0.9000000000000005,-3.180660955460924,0.001027135602582687,0.0,0.01755460938485065,2.1119901251052653,0.0,-3.5095319981079918,-0.015138553220635583,-6.959042046817143,0.05624238893313383,-28.8300974343867,0.0,899.8677641477383,0.44615889711098883,899.8234230400926,899.876509227087,267,122.23209308634515
0.9000000000000005,-3.1739724147170993,0.0015487775368965917,0.0,0.06994098392571857,2.1091645201767264,0.0,-3.5037619464953256,-0.06435698041712523,-6.912782381679041,0.17498913347447953,-28.821701902463364,0.0,899.6224232962006,-0.02089380019462228,900.1440592418841,899.8454731385808,268,112.23302475428119
0.9000000000000005,-3.1823462657561175,0.005216043595771493,0.0,0.11835274534846363,2.092129852219429,0.0,-3.5255346596041193,-0.10516198097437943,-6.857098540014155,0.22026740049166224,-28.822313277500665,0.0,899.5528190024129,0.2916650648099679,899.969381811092,899.7336854354567,269,112.2336287020867
0.9000000000000005,-3.190614040813616,0.0008479542495132544,0.0,0.03057679401433777,2.0899750125516015,0.0,-3.5394458845353864,-0.028319290784922353,-6.891173151516769,0.08558889059717781,-28.84962444239721,0.0,900.4510100080784,-0.03539073362469841,900.329572288511,900.0038873962519,270,112.23308715620072
0.9000000000000005,-3.1540550196005395,0.007139100048976282,0.0,0.06748675645217084,2.0802244108761236,0.0,-3.5008556973786282,-0.05224104730711265,-6.822070899695703,0.07498612313842268,-28.824374351912606,0.0,899.7117008928011,-0.324732771595293,900.2122155372472,900.0957059658122,271,112.2351985275258
0.9000000000000005,-3.1606053903651183,0.00604285128630458,0.0,0.11801248438705514,2.1110080406502547,0.0,-3.485086222510058,-0.1006345519583772,-6.957050511015396,0.19520582259368696,-28.840779553038658,0.0,900.1657047247456,0.05259202914708416,899.5169285740961,899.7858784765833,272,122.23255271088493
0.8400000000000004,-2.778537644653927,0.051838498619264956,0.0,2.1051208605107288,3.8325268469072213,0.0,-3.4767490283149156,0.11551612480280554,-5.560054589872168,28.351193305148218,-28.828311900304396,0.0,899.7110981815347,0.5050342750285313,113.79698422506331,899.2512102684801,273,125.42094768072145
4.14,-12.565432173351796,25.76147745791058,0.0,4.820792761911001,2.970222401970034,0.0,-1.9028903761435818,11.970410299183246,-11.386052567044391,2.9752340911531685,-28.847559594537906,0.0,900.4404086729173,-0.6797458220018595,899.8650563187756,900.1606868288619,274,477.1353319322089
1.5000000000000009,-3.8853295960157417,-4.5830362915246745,0.0,2.0014144935196025,3.634856094537273,0.0,-2.252285682164213,-8.044317620860092,-1.501029261676072,28.822050652893317,-28.840903039447163,0.0,900.1778742868244,-0.4233263932607591,-0.2577843020394903,899.6636929834327,275,190.1992264054146
1.740000000000001,-4.558007681639095,-6.343329947959725,0.0,2.660193940711819,3.022903630318261,0.0,-1.989512123959856,-9.322654062297921,-1.1250237982164881,28.81720817680116,-28.821431643214268,0.0,899.6022074261466,-0.5921231283768428,-0.49077270098686787,899.4225046736702,276,227.32911463272353
1.2600000000000007,-3.156323769570195,-3.1527025110355478,0.0,1.3110511917886551,4.258565051048137,0.0,-2.7146589366849816,-7.017704287062709,-1.7947878994651778,28.83713600160408,-28.840945631835794,0.0,900.1569291970369,-0.6819921941102841,0.5026806421207368,900.0908318881795,277,163.03388913241616
2.1000000000000014,-5.605883961971247,-9.39574861064566,0.0,0.5024789884530456,5.233940462786283,0.0,-3.3573000256227923,-10.680500731041361,-0.3047751908472498,28.826935711411462,-28.834599773198747,0.0,899.9455172368621,0.5429202781890571,-0.17503236178100842,899.5614694188644,278,267.9466994985848
1.4400000000000008,-3.709257586676264,-4.176617873376671,0.0,0.253752522689517,5.3853001936500675,0.0,-3.540919545633333,-8.027471336144949,-1.2834353507545477,28.844009178345964,-28.840215051017076,0.0,900.1030767326524,-0.5882869099324942,0.5464427139986181,900.1844491322696,279,173.41217009331137
1.5000000000000009,-3.864008731366449,-4.538519574665111,0.0,2.00686349727801,3.6235244273724607,0.0,-2.2307349862906807,-8.032496368038656,-1.5271350580252523,28.82546713222526,-28.82793055991328,0.0,899.6682744881147,0.019017551858700216,-0.0014157173057685046,899.7326523549574,280,200.20112721744601
2.0400000000000014,-5.390738983272287,-8.843108158259575,0.0,5.0801049100596565,0.6474156513836888,0.0,-3.2801857160394254,-10.118154396018763,-0.6429848844658115,28.84145966027883,-28.82639768084442,0.0,899.7881018245887,0.19886225320178974,0.40302953426669064,900.1004942642832,281,251.1854724493648
1.4400000000000008,-3.670305999595903,-4.101480721019361,0.0,0.29605008131549937,5.344758642025173,0.0,-3.493872498023264,-7.933134753111779,-1.245674544827935,28.836005334715814,-28.835916121792877,0.0,899.9692274026962,0.6264948064142297,0.059000527726699115,899.9938707736991,282,183.4148497580394
1.560000000000001,-4.0389617650422265,-4.947654845842521,0.0,3.7195975522758893,1.9463860397173285,0.0,-2.3501906287299907,-8.372428888229113,-0.9429308440454747,28.827102290587437,-28.84379587787233,0.0,900.3398593181212,-0.0611676710053979,0.6770396602680689,899.783926227064,283,196.9859813392027
5.0399999999999805,-12.500819302565787,-55.23958909837107,1.1339276431080827,3.5929252810682613,2.192385962783357,0.0,-1.2168914601279506,-19.79351982902679,0.513717210689288,28.822895983171975,-28.82031649017803,0.0,899.5110095356716,0.14028250579220963,-0.07098235254264199,899.5309194879882,284,584.3134095715741
1.680000000000001,-4.3903170027379295,-5.7298976002334605,0.0,0.9747860739428917,4.723278398305773,0.0,-3.07639337118808,-8.646499601159418,-0.7068439644603549,28.838030035644458,-28.846754364165157,0.0,900.3499046388105,0.167988356915157,0.0007719201013589722,900.1022664205082,285,200.55552812978388
1.3200000000000007,-3.3067837784258556,-3.4077102542841025,0.0,3.089363723231479,2.5278831005272835,0.0,-2.0482025841723597,-7.489720461439615,-1.592990109835109,28.842731927199143,-28.84929348352295,0.0,900.5644975490366,-0.43088285568159995,0.11258360646011342,900.3196845480197,286,159.83045332759875
1.5000000000000009,-3.902623947174,-4.531250594776181,0.0,2.0101014672563213,3.643583896056864,0.0,-2.271519664779902,-7.951029703730523,-1.422333690542701,28.835889466015423,-28.83220444656776,0.0,900.0605089910982,-0.8019473629031899,0.3066234403704797,899.9643785398482,287,180.20114040062384
1.560000000000001,-4.037784697590331,-4.993339138028684,0.0,3.7264268160209983,1.9541066288738165,0.0,-2.3430552753895784,-8.382861083994053,-0.9072970408048867,28.850545124261938,-28.821403251086245,0.0,899.5068381552602,0.2013693935206315,0.18681130840359506,900.5234891908904,288,186.98573424852478
1.740000000000001,-4.537264743962544,-6.207195835226581,0.0,2.672762598230671,3.0082296783346827,0.0,-1.9784891824655932,-9.206185439452467,-1.0688172994717966,28.827271131731123,-28.83053052698966,0.0,899.7715103098266,-0.11173205603086783,0.2946620162907597,899.8890718042647,289,217.33543834228365
1.3800000000000008,-3.503289594678006,-3.882482981085389,0.0,4.783370304489665,0.8311605715784074,0.0,-3.2469597988239105,-7.477490260198292,-1.6278298236611275,28.846333467363863,-28.837047822236737,0.0,900.1060118125087,0.10691134589202284,-0.2403600798924469,900.290338928241,290,186.61841932220727
1.9800000000000013,-5.230847755903523,-8.370259620993496,0.0,3.3040926628154352,2.4206367487339016,0.0,-2.0257925347263894,-10.304888995736627,-0.5013372211397065,28.832979817546576,-28.828722725657027,0.0,899.6932210501989,-0.4467361282716722,-0.47696399822798596,899.9472265902618,291,254.4160912654333
2.1600000000000015,-5.817285031562572,-10.070721644293783,0.0,2.219033785903777,3.4800088031754157,0.0,-2.0811171373193007,-11.043807270966521,-0.7476861518266766,28.830663636825506,-28.84479415388153,0.0,900.4383950894593,0.3202624033170007,-0.43995369056028416,899.871489173251,292,274.70471618163396
1.560000000000001,-4.057900235298849,-4.909966050842758,0.0,3.6939639619088958,1.9651823681826368,0.0,-2.3497026332992617,-8.397441820351819,-0.9526318522742521,28.83774094577191,-28.836342260005157,0.0,900.2417172033079,0.19582218162823237,0.20349777297375302,900.1640677656825,293,186.98839679865978
1.4400000000000008,-3.7158468284928228,-4.22658633213009,0.0,0.24723618293633898,5.389849062949734,0.0,-3.5460678835872423,-8.078792154065026,-1.3053299880882145,28.83791711103941,-28.851923076044358,0.0,900.6934407308737,0.14280696387142922,0.09366569002931535,900.0762119465516,294,183.41022024950541
1.4400000000000008,-3.6912072522674824,-4.121840253863133,0.0,0.2953869710460033,5.36300604669098,0.0,-3.5194852551768463,-7.914053805530296,-1.2165663983220707,28.862925042259384,-28.821264267310923,0.0,899.5089483035902,-0.3611633009337402,-0.0845111413050117,900.9234068018065,295,173.4134481035644
1.5000000000000009,-3.8988039506998637,-4.5891448562190655,0.0,2.0052315261869538,3.6593783061190166,0.0,-2.278712069749983,-7.97558732331594,-1.427507692243681,28.848785722514894,-28.8345566260608,0.0,900.0917051191991,-0.01398823414763789,-0.6235394456516546,900.314754257226,296,180.1988889772073
1.5000000000000009,-3.905792263857823,-4.642415786795563,0.0,1.9822782244838386,3.662118341654013,0.0,-2.2834727533626156,-8.071586561553747,-1.498548808203442,28.818720443233993,-28.816189114096208,0.0,899.3795102469868,0.4249379087031991,0.7798925517193628,899.4016635644872,297,190.19688852751023
1.8600000000000012,-4.9123242549820345,-7.2894322675294845,0.0,6.095723965370727,5.8572057464808935,0.0,-3.616927603624784,-9.921574733445544,-0.9590082909122023,28.83696984435563,-28.824085598718217,0.0,899.6029401516779,0.44740841710856905,1.1862727914470828,900.0821544945803,298,230.88295088835207
1.560000000000001,-4.034652969702188,-4.9563447879788045,0.0,3.7108138250837523,1.9427875687870646,0.0,-2.3489156335467576,-8.442114525376194,-1.0020963242604446,28.83774101599668,-28.844523951461422,0.0,900.1959930800995,-0.14433812686825648,-0.050276468579109314,900.0095582857213,299,206.98609277863568
1.740000000000001,-4.586725541993127,-6.290447982043825,0.0,2.6591559671848426,3.0359571462768677,0.0,-2.010150378552195,-9.23256665416926,-1.05395098696255,28.83061957372157,-28.839257721958518,0.0,900.1732009111221,-0.8906847619382912,-0.07018967642427097,899.8825830836437,300,207.3302844267567
